"Txhash","Blockno","UnixTimestamp","DateTime","From","To","Quantity"
"0x76a77c85c941094638944ecf40a9388a1a0af5e39d6726cfb637d0f99c76cb06","4055336","1500683205","7/22/2017 12:26:45 AM","0x1151314c646ce4e0efd76d1af4760ae66a9fe30f","0xedd8c505c808144f3fcace181cbc26f796b86b8d","11575.1"
"0xd45f5d65fd7d1c41b1a70c78120ccda732199403d2f58b04a4e8fdc3f3601011","4055343","1500683341","7/22/2017 12:29:01 AM","0xedd8c505c808144f3fcace181cbc26f796b86b8d","0xfbb1b73c4f0bda4f67dca266ce6ef42f520fbb98","11575.1"
"0xede2dfdd6f420a1ec1390c503c88ec9046c123c16a50018c3bed7463592b8692","4055385","1500684240","7/22/2017 12:44:00 AM","0xfbb1b73c4f0bda4f67dca266ce6ef42f520fbb98","0xe7e1751f0b90185065a8af7095497daeada9659d","655.64920522"
"0xbd1ccf4c5ca21fae05f9e83881fcb4f39b503f04cac0315cb4fbd55674bef85e","4055385","1500684240","7/22/2017 12:44:00 AM","0x31799f213da0ddb7de61d12328ca505e7d39aa13","0xafea434e9c89582ff41d81c00fd39f0ff6038c23","158983.01059259"
"0x41547c821303189174b503ccd1891ccc3cb37d89d3666ebd8bd2a94c8183b47b","4055390","1500684358","7/22/2017 12:45:58 AM","0x00e8f6e65c12272a54b0a1523413d2d7aec67ffa","0xafea434e9c89582ff41d81c00fd39f0ff6038c23","251000"
"0x69630ee444bfa99007cbce3ec342e17e75f38dba8c85d547220a5131801e20ee","4055462","1500685668","7/22/2017 1:07:48 AM","0x1151314c646ce4e0efd76d1af4760ae66a9fe30f","0x8f81085f33f91379b01069e64896a841f555ae8f","1371.1682813"
"0x7783ae692d73ffb9f92314dc497aaee3682b3be92956504fa6d9db17bcad0b9c","4055468","1500685758","7/22/2017 1:09:18 AM","0x1151314c646ce4e0efd76d1af4760ae66a9fe30f","0x8f81085f33f91379b01069e64896a841f555ae8f","1830.02685251"
"0x6524a19c1092b8ce1cb9518f9d7d036777fe1f2dc438cd90068677e854742fb4","4055476","1500685836","7/22/2017 1:10:36 AM","0xbb49861b33ba06fc2416f674d467ba26c7157a0c","0xab4d917b39d57e24b81999882e6aeef5ca3f7090","1"
"0xd4ba8bac3dc8c2720d593e7717a5284e7c28c6e2922bf3e2cd7e12135db0f940","4055476","1500685836","7/22/2017 1:10:36 AM","0x8f81085f33f91379b01069e64896a841f555ae8f","0xfbb1b73c4f0bda4f67dca266ce6ef42f520fbb98","3201.19513381"
"0x7e9314a8599a609e7ce00f686e61acbe9702b5c215632ae4cfc74e123af96c80","4055477","1500685882","7/22/2017 1:11:22 AM","0x1151314c646ce4e0efd76d1af4760ae66a9fe30f","0x0d44d39c9d2efbb612e474cdc9686c98df30a0a6","9.9"
"0x47bbb6be4f8114a3e4a656537514ca8b95f2d8a1b9972401a0bf09b0b850be34","4055478","1500685943","7/22/2017 1:12:23 AM","0x1151314c646ce4e0efd76d1af4760ae66a9fe30f","0x8f81085f33f91379b01069e64896a841f555ae8f","6392.19128499"
"0x68e4a8c9f71b94d1f7aa37dc120d394c3736c940e2494087c3b2e165b4bdbb3e","4055483","1500686012","7/22/2017 1:13:32 AM","0x8f81085f33f91379b01069e64896a841f555ae8f","0xfbb1b73c4f0bda4f67dca266ce6ef42f520fbb98","6392.19128499"
"0x5a84ec405f3a3eac8374e8006ac7e8122eacadd4a7d0064bdb9a070c0834da8e","4055484","1500686020","7/22/2017 1:13:40 AM","0xab4d917b39d57e24b81999882e6aeef5ca3f7090","0xfbb1b73c4f0bda4f67dca266ce6ef42f520fbb98","1"
"0xa49975af99cd98711eb4198b180378f2729cf5e5c1305cb4b13d77fda9066315","4055484","1500686020","7/22/2017 1:13:40 AM","0x1151314c646ce4e0efd76d1af4760ae66a9fe30f","0x8f81085f33f91379b01069e64896a841f555ae8f","1935.11410489"
"0xf5e5446efddf45a259afe3908278fb2e9b87364a7f5922a9a326c8c57b5950b1","4055489","1500686166","7/22/2017 1:16:06 AM","0xbb49861b33ba06fc2416f674d467ba26c7157a0c","0xab4d917b39d57e24b81999882e6aeef5ca3f7090","2739"
"0x9bccb79b01b3bcf9a116ff65cb4023df7c052664e69cad330faf9c0eb6e92948","4055489","1500686166","7/22/2017 1:16:06 AM","0x8f81085f33f91379b01069e64896a841f555ae8f","0xfbb1b73c4f0bda4f67dca266ce6ef42f520fbb98","1935.11410489"
"0xb24f9c699e032ecab1a072850d14a2b96b5a635922dda7d53f34a7f3c88ec56f","4055497","1500686380","7/22/2017 1:19:40 AM","0xab4d917b39d57e24b81999882e6aeef5ca3f7090","0xfbb1b73c4f0bda4f67dca266ce6ef42f520fbb98","2739"
"0x9fee295b1ba29c8491b560aecddd9d65e0ef23283d630c08b0c31ce3b1d71073","4055497","1500686380","7/22/2017 1:19:40 AM","0x1151314c646ce4e0efd76d1af4760ae66a9fe30f","0x0d44d39c9d2efbb612e474cdc9686c98df30a0a6","474.15"
"0x2937c51879146453325b92691f30248e05e2360f111329d66c9ecd3e5189ecac","4055515","1500686667","7/22/2017 1:24:27 AM","0xe0aa08ff6a1197c7cadf0efca2ef540dd347ff2b","0x8d12a197cb00d4747a1fe03395095ce2a5cc6819","145.949"
"0x340b112c32f6a76230f5dbbd0353bff21c14eecb660d5d090feee265108a2df4","4055525","1500686860","7/22/2017 1:27:40 AM","0x1151314c646ce4e0efd76d1af4760ae66a9fe30f","0x8f81085f33f91379b01069e64896a841f555ae8f","2653.95381"
"0xac072b76603f2638b740c559b2ff8f4ed002863745f112d73f8b19d6240b7bf8","4055531","1500687063","7/22/2017 1:31:03 AM","0x8f81085f33f91379b01069e64896a841f555ae8f","0xfbb1b73c4f0bda4f67dca266ce6ef42f520fbb98","2653.95381"
"0x4849bbcac7507fb87f2bc0f9ac0674c51af493979626cb11b5cc6c19920ca245","4055531","1500687063","7/22/2017 1:31:03 AM","0x4d9daa6433c921a63f8e8b29ef59ca68328e9620","0xe8eaa7128ba09c169eeb8acaef2221b38e4b2a30","341.6442393"
"0x6685a4d0b54acbc688d93d17a12255b3954e59f63a006301a891277a6008832e","4055538","1500687222","7/22/2017 1:33:42 AM","0xe8eaa7128ba09c169eeb8acaef2221b38e4b2a30","0xfbb1b73c4f0bda4f67dca266ce6ef42f520fbb98","341.6442393"
"0x5380abc433e9a5949fc8442cd1a0bf57e47cd389c68f303d5bcfe8bf7e483910","4055557","1500687529","7/22/2017 1:38:49 AM","0x1151314c646ce4e0efd76d1af4760ae66a9fe30f","0x5476492ecae80baeb6359daa2700efaa460f1c1c","17000"
"0x42a35e9c93c219ef65521915ccf878b2bddf03b57c60bc0ea76459ebe19c7695","4055568","1500687685","7/22/2017 1:41:25 AM","0x5476492ecae80baeb6359daa2700efaa460f1c1c","0xfbb1b73c4f0bda4f67dca266ce6ef42f520fbb98","17000"
"0xce6a603c2df00603ae01ea61765e926b81b80e63d7b8f337461d001554fdf34a","4055572","1500687803","7/22/2017 1:43:23 AM","0x2ebb507b1da5b2619515d542a8af27b0747a6bc2","0x113a07d904599a4d4d1e1059da5cb0ce19ab9154","3925.4684"
"0x2cd582eb83aff74def594a9e04531f9518e735d78c890c938680472aed92b5e6","4055577","1500687906","7/22/2017 1:45:06 AM","0xff0cb0351a356ad16987e5809a8daaaf34f5adbe","0x193314b83980343d6eb1131b207d6d0edf7a0010","216000"
"0xca3a155c0e9a653dd7394eeca7cb47b4cb8a291f89840ed2725f0445ee7981d2","4055580","1500687985","7/22/2017 1:46:25 AM","0x113a07d904599a4d4d1e1059da5cb0ce19ab9154","0x1151314c646ce4e0efd76d1af4760ae66a9fe30f","3925.4684"
"0x8e04ae5bc3a03982b475fecc58afdc559442d9f03697b080b9829eeb1ade0f90","4055586","1500688081","7/22/2017 1:48:01 AM","0x1151314c646ce4e0efd76d1af4760ae66a9fe30f","0x8f81085f33f91379b01069e64896a841f555ae8f","2520.48626353"
"0x7d800187b8a10ec1677b4826b23dc5ba998e7f024632698613edd0d9e414836e","4055589","1500688125","7/22/2017 1:48:45 AM","0x1151314c646ce4e0efd76d1af4760ae66a9fe30f","0x8f81085f33f91379b01069e64896a841f555ae8f","1520.25528595"
"0x2a1e9a4f90433cfe9b02ad357a7b30afb81b70318885dada92947bcf307e9ec6","4055596","1500688210","7/22/2017 1:50:10 AM","0xff0cb0351a356ad16987e5809a8daaaf34f5adbe","0x55c92e3d58887284f9babc65d25d52c392751f6f","86000"
"0xac0c60ee48b9577d9c5e4fe27f5486de5d0862be0c5d5955229596de8ed303fe","4055602","1500688322","7/22/2017 1:52:02 AM","0x8f81085f33f91379b01069e64896a841f555ae8f","0xfbb1b73c4f0bda4f67dca266ce6ef42f520fbb98","4040.74154948"
"0xb63ad8bd82ac3714831f0e1c20e6360fa1e464ccc318a1daf80247cf8f601386","4055609","1500688479","7/22/2017 1:54:39 AM","0x1151314c646ce4e0efd76d1af4760ae66a9fe30f","0xf8e3c2c58b6dffccc415e14f4000aeca78d6357a","4641.4"
"0x25d53fb4f61be604dfc32f7ccfc565c5278b487671f896716b8058bb43d01013","4055618","1500688642","7/22/2017 1:57:22 AM","0x1151314c646ce4e0efd76d1af4760ae66a9fe30f","0x3c5ce87fd4847af39483b6a85b8e5af643a4dff0","1999.9"
"0x4f4a03db3b2de6b4426a156540dc6db8d463c1c1544f91dad9b645d7c9f8dc6d","4055627","1500688765","7/22/2017 1:59:25 AM","0x3c5ce87fd4847af39483b6a85b8e5af643a4dff0","0xfbb1b73c4f0bda4f67dca266ce6ef42f520fbb98","1999.9"
"0xc8515db42bee731bc778535c08ba646d3738e84520c2121bd289fab8412005b3","4055627","1500688765","7/22/2017 1:59:25 AM","0xf8e3c2c58b6dffccc415e14f4000aeca78d6357a","0x8737305011408648c0c2fc6ff831d566fbaac483","4641.4"
"0x8d26479606f33a99725297ee9b567eedecaedd594e1b6d599e8b46b2f31284b6","4055633","1500688833","7/22/2017 2:00:33 AM","0xfbb1b73c4f0bda4f67dca266ce6ef42f520fbb98","0x45083c507882cb7b638f660762b28e2f1a504f73","8750.09"
"0x056456bd4471290dc3e091388aedbf77b216a090f25e945e61f32e49d6491e77","4055644","1500689051","7/22/2017 2:04:11 AM","0x45083c507882cb7b638f660762b28e2f1a504f73","0x1151314c646ce4e0efd76d1af4760ae66a9fe30f","8750.09"
"0x2f33137fa7c57e10f4999d4b7971cab1ef96c6edf75c343e92836e140b7c1721","4055649","1500689241","7/22/2017 2:07:21 AM","0x1151314c646ce4e0efd76d1af4760ae66a9fe30f","0x8f81085f33f91379b01069e64896a841f555ae8f","3781.299134"
"0x9fc4bd21f04bd0856c5e03a16fb3f5da437b1bc78a49194c925a48063f5969a5","4055649","1500689241","7/22/2017 2:07:21 AM","0x2ebb507b1da5b2619515d542a8af27b0747a6bc2","0x91e93e427f6191a25e92e7780d42532ebf5c4ab6","2174.642"
"0x9fe67565ca76888940ee4883cc3054d7d795b1681d204276be858aa7308e18e5","4055657","1500689434","7/22/2017 2:10:34 AM","0x8f81085f33f91379b01069e64896a841f555ae8f","0xfbb1b73c4f0bda4f67dca266ce6ef42f520fbb98","3781.299134"
"0x3a1b0d9e03d2e937b222c62e90bceab85bd6155711b91efb0d12ecf4714ff003","4055657","1500689434","7/22/2017 2:10:34 AM","0x1151314c646ce4e0efd76d1af4760ae66a9fe30f","0x8f81085f33f91379b01069e64896a841f555ae8f","7579.61606331"
"0x860a2736de6ece1aebf516cbab8809d49a9da6fded921d1a086f53638cde98e7","4055660","1500689530","7/22/2017 2:12:10 AM","0x91e93e427f6191a25e92e7780d42532ebf5c4ab6","0x1151314c646ce4e0efd76d1af4760ae66a9fe30f","2174.642"
"0x37b02ba85c6a498a06d080f1ead7fbbee2dfb262a4a6b1d9fa2d341b95642532","4055660","1500689530","7/22/2017 2:12:10 AM","0x1151314c646ce4e0efd76d1af4760ae66a9fe30f","0x8f81085f33f91379b01069e64896a841f555ae8f","1731.79115814"
"0xa0406ede440d3a7293d8270bf481eede6376c3b7b0bbff6c512f7ae28f4a9705","4055664","1500689608","7/22/2017 2:13:28 AM","0x8f81085f33f91379b01069e64896a841f555ae8f","0xfbb1b73c4f0bda4f67dca266ce6ef42f520fbb98","9311.40722145"
"0xcf87c9ef5cad64caf502c39582611ae825e4e08edf4d1b4349c7b949b274c9f6","4055668","1500689773","7/22/2017 2:16:13 AM","0x1151314c646ce4e0efd76d1af4760ae66a9fe30f","0xedd8c505c808144f3fcace181cbc26f796b86b8d","9337.3"
"0xf3359fe0013325a06388e053da2def5970968a41a698b00f5bcde514f7f89f11","4055673","1500689864","7/22/2017 2:17:44 AM","0x1151314c646ce4e0efd76d1af4760ae66a9fe30f","0x2897ed7c3253171ddf0353b3cad12e4630eaafca","15266.81539408"
"0x80fdfd6211ee26b588306de5743bb8c631596bfc3ac76db8b853319ff7f08ccd","4055679","1500689934","7/22/2017 2:18:54 AM","0xfbb1b73c4f0bda4f67dca266ce6ef42f520fbb98","0x2897ed7c3253171ddf0353b3cad12e4630eaafca","15849.69495812"
"0xeb7a2b1db412927e5c6d02b771460fd486c97369367385d305cdd3201781f1af","4055679","1500689934","7/22/2017 2:18:54 AM","0x6ca1b686e50851ea86636425653b088d8360532c","0x0fbd9543bf7e64b937b219b971d58d9838dc3a52","10100"
"0xe51662a1fa250216e92d5b362aad9363d49bae99b67c1fb52818cf6ea3e0bc04","4055688","1500690010","7/22/2017 2:20:10 AM","0x8737305011408648c0c2fc6ff831d566fbaac483","0x74e795f7db375bfe7014253d172dcefa45c76db8","968.26505436"
"0xf04ffd0352c627707b07ffc38af37f5c1dc10170dae64b86877a2dee7598fbf1","4055690","1500690028","7/22/2017 2:20:28 AM","0x8737305011408648c0c2fc6ff831d566fbaac483","0x5de261a82f89711bb73ad6e011562854474df1d6","299.1"
"0xae34b074095ac035a58dfd8ce1c7d16b14195d48f8a7da0250ce97bcac0ccf0f","4055694","1500690069","7/22/2017 2:21:09 AM","0xedd8c505c808144f3fcace181cbc26f796b86b8d","0xfbb1b73c4f0bda4f67dca266ce6ef42f520fbb98","9337.3"
"0xd92320e75ba087ef6f292b36ead4d1b6c299194102d274346d0eb9a5a4edfc40","4055695","1500690103","7/22/2017 2:21:43 AM","0x55c92e3d58887284f9babc65d25d52c392751f6f","0xd96424034d1da9a4b809a7c6dfdca9a5f067ab02","86000"
"0x1b4ade1c6db07eb676213fd1570d539753153575c5a289dd64e48995efb77297","4055701","1500690221","7/22/2017 2:23:41 AM","0x0fbd9543bf7e64b937b219b971d58d9838dc3a52","0xfbb1b73c4f0bda4f67dca266ce6ef42f520fbb98","10100"
"0xf1e6bc89c098561a849bff2e0542ff3080824b564f95fdd23d7f8d5e05165275","4055701","1500690221","7/22/2017 2:23:41 AM","0x74e795f7db375bfe7014253d172dcefa45c76db8","0xfbb1b73c4f0bda4f67dca266ce6ef42f520fbb98","968.26505436"
"0x4c24910d5bf6de95938ef5cd8c6445dd21a2ba7d0d4f8c5d52f983dbc365a953","4055701","1500690221","7/22/2017 2:23:41 AM","0xd96424034d1da9a4b809a7c6dfdca9a5f067ab02","0xfbb1b73c4f0bda4f67dca266ce6ef42f520fbb98","86000"
"0xdcf26c2296dba834ddfadaf7696be5dfa2ec8a66e79f4586d77c7fd5f484ff11","4055706","1500690285","7/22/2017 2:24:45 AM","0x1151314c646ce4e0efd76d1af4760ae66a9fe30f","0x8f81085f33f91379b01069e64896a841f555ae8f","1682.6512455"
"0xc79b135f4b410b73d780d24ec3956e6b7ca37f4888123229317d35faff72fad2","4055706","1500690285","7/22/2017 2:24:45 AM","0x8737305011408648c0c2fc6ff831d566fbaac483","0x06e98b48146f7f89427f51a165c61115fe0b0c52","39.80024"
"0x1e8dad1259d5e5493a7aa16ddfbc7ba014bef4e58eebfd6040a42facabf6c2a0","4055711","1500690423","7/22/2017 2:27:03 AM","0xfbb1b73c4f0bda4f67dca266ce6ef42f520fbb98","0x45620a9506f2a5bbcbe05d33067022d732f4cb6f","19.99"
"0x13565fc9756fa166c51b20a62078879eeee67d58006bc7dad206aef347190606","4055713","1500690432","7/22/2017 2:27:12 AM","0xe54862299a152e3affd7b00838d20e364568d842","0x24084ad5e0c6bf86bb03017b7e892d17ddd1f728","11945"
"0x1b0fedf8a642d756380ab285f9a372a5a3e93178aac4cb212c9a3b0c06284d29","4055716","1500690497","7/22/2017 2:28:17 AM","0x8f81085f33f91379b01069e64896a841f555ae8f","0xfbb1b73c4f0bda4f67dca266ce6ef42f520fbb98","1682.6512455"
"0xe09fcb3ef8b661e6ccb33cfba74274ef751c0689f0fbfb359f4a12d968826208","4055716","1500690497","7/22/2017 2:28:17 AM","0x06e98b48146f7f89427f51a165c61115fe0b0c52","0xfbb1b73c4f0bda4f67dca266ce6ef42f520fbb98","39.80024"
"0x15b47cb702989d09dd194b4581ab44e9542a34b4e4b965d4089e70302469d53b","4055719","1500690546","7/22/2017 2:29:06 AM","0xfbb1b73c4f0bda4f67dca266ce6ef42f520fbb98","0x45620a9506f2a5bbcbe05d33067022d732f4cb6f","536.99"
"0xbd9b6a6f5b5fd45d818dceda886dcd8652db0af2a5893a87b9f65190b778464a","4055722","1500690601","7/22/2017 2:30:01 AM","0x8737305011408648c0c2fc6ff831d566fbaac483","0xef73148bdb8b4257a174c29576f95e0a8787ce37","413.755"
"0x95e4efeafeeabec031d5df3647c6d779a0a165f1eccf9e676f8accad4f7f4d15","4055722","1500690601","7/22/2017 2:30:01 AM","0x24084ad5e0c6bf86bb03017b7e892d17ddd1f728","0x1151314c646ce4e0efd76d1af4760ae66a9fe30f","11945"
"0x45fe22462f19594c031f1a12e990a3b1ddbce89ad96486db8a9a818b7f7934c5","4055725","1500690668","7/22/2017 2:31:08 AM","0x8737305011408648c0c2fc6ff831d566fbaac483","0x008e807e14466bf6e2fefd22ce9595df15859081","9756.68188"
"0x49470804df5f7ae4dca75a353cdf18b48432cc3ce2537f46ba61ed2a5f2b6537","4055726","1500690681","7/22/2017 2:31:21 AM","0x4d9daa6433c921a63f8e8b29ef59ca68328e9620","0x3568bd84a0d6e99cca50ee4bf0f612f603eff48e","6440.46697574"
"0xd17fd7e517a5d99b923ccd42605e230fcbf931cd781362c97b9a7ef94f501a8f","4055727","1500690729","7/22/2017 2:32:09 AM","0x8737305011408648c0c2fc6ff831d566fbaac483","0x88af7cea87b920645ee3cc9c61ac76d147b1822f","3988"
"0x56f2ba017ac79e230fc010011c72ad7f9910d9a59cfe72902747d7502dce1159","4055727","1500690729","7/22/2017 2:32:09 AM","0x1151314c646ce4e0efd76d1af4760ae66a9fe30f","0xafea434e9c89582ff41d81c00fd39f0ff6038c23","20019.972421"
"0xb4e6e7574e381085b35a43a38e55b7e1b09aee27095e930a1f49803887ba544a","4055727","1500690729","7/22/2017 2:32:09 AM","0x8737305011408648c0c2fc6ff831d566fbaac483","0x113a07d904599a4d4d1e1059da5cb0ce19ab9154","4105.1630532"
"0x1f1302e9eb398217c0c92b11b62700b2348c21c01ad7c1c3793e77ff1c724db8","4055729","1500690744","7/22/2017 2:32:24 AM","0x8737305011408648c0c2fc6ff831d566fbaac483","0x020b54ae12b2076a143d62876dc5297e3b269002","1074.39711"
"0x2d45263e5ba67eb489812e6c18386007dfadd581cb25d5888dcae9d39e4e364b","4055732","1500690799","7/22/2017 2:33:19 AM","0x5e575279bf9f4acf0a130c186861454247394c06","0xf2957c1f5530342872297fdb08cdb5bec2d8edfc","1295.28588797"
"0xb5e161160484e15e8952d141cba7623a5d3ea9a59fc006ac34fec73433886663","4055733","1500690804","7/22/2017 2:33:24 AM","0x3568bd84a0d6e99cca50ee4bf0f612f603eff48e","0xfbb1b73c4f0bda4f67dca266ce6ef42f520fbb98","6440.46697574"
"0x9fd974c69cd8b4471c9d5758a280cc92bb384ad84cb76e9ab331a57b27d58033","4055733","1500690804","7/22/2017 2:33:24 AM","0x88af7cea87b920645ee3cc9c61ac76d147b1822f","0xfbb1b73c4f0bda4f67dca266ce6ef42f520fbb98","3988"
"0x018f1eca79a50f3e4b870aba801659deb1d3a625418307d760b7b7f051d5474d","4055734","1500690816","7/22/2017 2:33:36 AM","0x8737305011408648c0c2fc6ff831d566fbaac483","0x5de261a82f89711bb73ad6e011562854474df1d6","513.1233978"
"0x2332913835191b0d7a745620e810cbb8dbac51102b28d302de8b4cd46064d505","4055736","1500690824","7/22/2017 2:33:44 AM","0x1151314c646ce4e0efd76d1af4760ae66a9fe30f","0x8f81085f33f91379b01069e64896a841f555ae8f","4539.69113363"
"0x46189f2241fc91473009ab35910b048640f7996a5a23799c1c5480d3a451ab2e","4055738","1500690847","7/22/2017 2:34:07 AM","0x008e807e14466bf6e2fefd22ce9595df15859081","0x97a4da9051df120d27a52d4760c0745a93b4b58e","9756.6818"
"0x7d821c05fcb88662c300368598a1032cd4d0b92f43ce37987ce0456892c074df","4055744","1500690967","7/22/2017 2:36:07 AM","0x1151314c646ce4e0efd76d1af4760ae66a9fe30f","0x8f81085f33f91379b01069e64896a841f555ae8f","1490.01486537"
"0xdb212d7e05aceabacf636c23f528aefacae243f466ffee621d96ec4beb7070e5","4055744","1500690967","7/22/2017 2:36:07 AM","0x113a07d904599a4d4d1e1059da5cb0ce19ab9154","0x1151314c646ce4e0efd76d1af4760ae66a9fe30f","4105.1630532"
"0xe07da824651898e360ba9bad27f9fe5cb4afae4149b7c486227f68abdd458437","4055745","1500690968","7/22/2017 2:36:08 AM","0xf2957c1f5530342872297fdb08cdb5bec2d8edfc","0xfbb1b73c4f0bda4f67dca266ce6ef42f520fbb98","1295.28588797"
"0x8c163aaf934ae9dc782dceb317acf1ae4606bdb272d7b5d71c1dbb0edab61ef1","4055745","1500690968","7/22/2017 2:36:08 AM","0x8f81085f33f91379b01069e64896a841f555ae8f","0xfbb1b73c4f0bda4f67dca266ce6ef42f520fbb98","4539.69113363"
"0xf42f2158d9fc6579a7b5ea63c9b61c445e6e6a1df02608a503d25a88ec0248d7","4055745","1500690968","7/22/2017 2:36:08 AM","0x97a4da9051df120d27a52d4760c0745a93b4b58e","0xfbb1b73c4f0bda4f67dca266ce6ef42f520fbb98","9756.6818"
"0x3e45b5dfd1a8762ae1e7229e1ecc9a9d82ebaff77411f3f9b701741b435b6024","4055746","1500690978","7/22/2017 2:36:18 AM","0x8737305011408648c0c2fc6ff831d566fbaac483","0x06e98b48146f7f89427f51a165c61115fe0b0c52","2307.55793969"
"0xf8a4c7179699455d5d45e4342d505a9049bed8b47419d401f722441a40193e4a","4055747","1500691002","7/22/2017 2:36:42 AM","0x8737305011408648c0c2fc6ff831d566fbaac483","0x60b4bf902e31c48fd3e3aed35a321381ae5693db","3374.845"
"0xb1226ff85677e1cad31d848ba597d6e7da5659fdf8c1aa7fe0b8d3683466b911","4055747","1500691002","7/22/2017 2:36:42 AM","0x8737305011408648c0c2fc6ff831d566fbaac483","0x8ef28ad8af68508d995fb9dab0db1c6adbe5dead","1174.466"
"0x43273f3cb3a361883b1b259740dd10156d0e192cb4ea3d47ee78a990042a68b9","4055749","1500691039","7/22/2017 2:37:19 AM","0xfbb1b73c4f0bda4f67dca266ce6ef42f520fbb98","0xa6736ca2161f01bec1664aa258ea1a00bf79c495","999.99"
"0xa83a8c02e2400c6c76a8d94f19495473f5cca21bec5341642cb647cb5d22118d","4055751","1500691068","7/22/2017 2:37:48 AM","0x1151314c646ce4e0efd76d1af4760ae66a9fe30f","0x8f81085f33f91379b01069e64896a841f555ae8f","1472.49166898"
"0x99656e38cec7eb76369bfec7262a2ef739aaf241175bb6872825e8c97a023cd1","4055754","1500691118","7/22/2017 2:38:38 AM","0x8f81085f33f91379b01069e64896a841f555ae8f","0xfbb1b73c4f0bda4f67dca266ce6ef42f520fbb98","2962.50653435"
"0x66833aa76edb07879d44ab8927fdae2b01755af3383a062416914b152be2909c","4055754","1500691118","7/22/2017 2:38:38 AM","0x06e98b48146f7f89427f51a165c61115fe0b0c52","0xfbb1b73c4f0bda4f67dca266ce6ef42f520fbb98","2307.55793969"
"0x04b91c6c88f22bc9888fb044fb4406f2abbe9a643e93115ff8c7a5a71587c523","4055754","1500691118","7/22/2017 2:38:38 AM","0x8ef28ad8af68508d995fb9dab0db1c6adbe5dead","0xfbb1b73c4f0bda4f67dca266ce6ef42f520fbb98","1174.466"
"0xe7d140aff54540a20642345b362a1d6b62198309c5f2b0794607d573f1c9c28e","4055761","1500691195","7/22/2017 2:39:55 AM","0x1151314c646ce4e0efd76d1af4760ae66a9fe30f","0x8f81085f33f91379b01069e64896a841f555ae8f","3635.10602545"
"0xda254c7da0eb38ef59cd61d6d3d879025d016cb55295d94f77506f5e1092df7d","4055764","1500691281","7/22/2017 2:41:21 AM","0x8f81085f33f91379b01069e64896a841f555ae8f","0xfbb1b73c4f0bda4f67dca266ce6ef42f520fbb98","3635.10602545"
"0xb468eca415aa981a2a331ad824dfc54d37544444a4e80fca53f7592c34772a5a","4055765","1500691289","7/22/2017 2:41:29 AM","0xfbb1b73c4f0bda4f67dca266ce6ef42f520fbb98","0xa6736ca2161f01bec1664aa258ea1a00bf79c495","799.99"
"0x7c751914296d5aab52589cd3b727c88b50000774e7e34237b9cbd824592d5a4c","4055766","1500691318","7/22/2017 2:41:58 AM","0x1151314c646ce4e0efd76d1af4760ae66a9fe30f","0x8f81085f33f91379b01069e64896a841f555ae8f","2047.52424827"
"0x78df66197ca385096b3ce58e1c777a6ef509434ece6b989ade6f7e2c34ffc73c","4055772","1500691392","7/22/2017 2:43:12 AM","0x2ebb507b1da5b2619515d542a8af27b0747a6bc2","0x505cd7e59a64487bfadd420a9913761edc9abaed","998"
"0x1b5de873ec16602fdac11bf061fa69b11e038d0016533dfd3c5ab73fdbc033c1","4055774","1500691404","7/22/2017 2:43:24 AM","0x8f81085f33f91379b01069e64896a841f555ae8f","0xfbb1b73c4f0bda4f67dca266ce6ef42f520fbb98","2047.52424827"
"0x89a5829d23bab97b590d572ac6ef179929af253c5dd969c09b7e09a00a7d4812","4055776","1500691443","7/22/2017 2:44:03 AM","0x1151314c646ce4e0efd76d1af4760ae66a9fe30f","0x8f81085f33f91379b01069e64896a841f555ae8f","1395.53254462"
"0xcc8f49ce152b6f6e0b511841a2d3328ba8186f85d9b705c938ae4964507c0f69","4055787","1500691560","7/22/2017 2:46:00 AM","0x8f81085f33f91379b01069e64896a841f555ae8f","0xfbb1b73c4f0bda4f67dca266ce6ef42f520fbb98","1395.53254462"
"0xffa34a40b5f0e4df54d0a487c3256219ee1223bd8794e4c3c5b2e9993beef0bf","4055791","1500691637","7/22/2017 2:47:17 AM","0x505cd7e59a64487bfadd420a9913761edc9abaed","0x8737305011408648c0c2fc6ff831d566fbaac483","998"
"0x41f9c8ceb29b8d26d9a9ef2999a4fb3a9aa8c455c1399183b246ccf9e901cfa1","4055793","1500691735","7/22/2017 2:48:55 AM","0x1151314c646ce4e0efd76d1af4760ae66a9fe30f","0xa00dd6f8cfb2e70ddf5b430488e82c5595ad40d2","49.9"
"0x704f52d11133687393a34c74b20dfe5b0f8b6ebe912efd4f6ba3750bfbed751b","4055793","1500691735","7/22/2017 2:48:55 AM","0x5e575279bf9f4acf0a130c186861454247394c06","0x77eca664b63bb91354e303e68d885f7426d3f00b","636.42938254"
"0xa91b8d4f5b3f30d1c9aca35e0ba7a0d5bf318a141f70bca8cb109fb3971b74c8","4055794","1500691780","7/22/2017 2:49:40 AM","0x1151314c646ce4e0efd76d1af4760ae66a9fe30f","0x8f81085f33f91379b01069e64896a841f555ae8f","3418.46848194"
"0x47a63bcdc711a986a6472f18c8239dd17f45fdc18a471e648150e29051f5b954","4055802","1500692003","7/22/2017 2:53:23 AM","0x9d0eec50c6fe8e9f2da30e63a7bb00def232afed","0xd1d8231c2750c0d4ddc406408f3547eb22a488de","999.5"
"0xaf88e9160cb4ec9860f1672d8f7632ad765d9f817ea32c8a65b5b2e2af5719d9","4055802","1500692003","7/22/2017 2:53:23 AM","0x8f81085f33f91379b01069e64896a841f555ae8f","0xfbb1b73c4f0bda4f67dca266ce6ef42f520fbb98","3418.46848194"
"0xcc88899ed06bce99c461c875d420e0ff66a46fd9f2b1067ce053895a444f0182","4055802","1500692003","7/22/2017 2:53:23 AM","0x77eca664b63bb91354e303e68d885f7426d3f00b","0xfbb1b73c4f0bda4f67dca266ce6ef42f520fbb98","636.42938254"
"0x080091e785ed24158fe45c1e12eb575cec527f517e0892d8d1cca437bcc677f4","4055817","1500692378","7/22/2017 2:59:38 AM","0x1151314c646ce4e0efd76d1af4760ae66a9fe30f","0x8f81085f33f91379b01069e64896a841f555ae8f","1433.42773267"
"0xf115df38b354d5c7e23ae19ab136d59ab25b8efa5d93959c3522cdc94282463d","4055817","1500692378","7/22/2017 2:59:38 AM","0xfbb1b73c4f0bda4f67dca266ce6ef42f520fbb98","0x3e43b4e95d6e2c8bff378b6726ec513edaf42549","75.59069659"
"0x68497cea4c703cf69397b31f7346531af85a0476b415414e416563932823069f","4055820","1500692424","7/22/2017 3:00:24 AM","0xd1d8231c2750c0d4ddc406408f3547eb22a488de","0x8737305011408648c0c2fc6ff831d566fbaac483","999.5"
"0x1ded69b6c047a59dfca84b9606a95c942f5abf7b61f894a6de396b9a45fa2322","4055823","1500692483","7/22/2017 3:01:23 AM","0x1151314c646ce4e0efd76d1af4760ae66a9fe30f","0x8f81085f33f91379b01069e64896a841f555ae8f","1888.62634214"
"0x2067019b1a8efbdf8aa5b4ff034d877c2bcd04059458ee9e79af8e1d3b290b6a","4055825","1500692507","7/22/2017 3:01:47 AM","0x8f81085f33f91379b01069e64896a841f555ae8f","0xfbb1b73c4f0bda4f67dca266ce6ef42f520fbb98","3322.05407481"
"0x230f88f06d7abd679dcc2efd2998a01cc5465c28f1cceac50451abe4d0bffaad","4055831","1500692591","7/22/2017 3:03:11 AM","0xfbb1b73c4f0bda4f67dca266ce6ef42f520fbb98","0x966abc616bbe4de650080512d8e3bf2540740d8f","0.1078"
"0x4c445f33c57e444b6887eaaa7df105d5cad1b8a31173a4a1d7cf0d71942fc825","4055835","1500692705","7/22/2017 3:05:05 AM","0x1151314c646ce4e0efd76d1af4760ae66a9fe30f","0x8f81085f33f91379b01069e64896a841f555ae8f","2251.77325191"
"0x325a5b39eca2cf61dc849b1c8a1a864115b21ce2ba84d834832798869d0bb2b9","4055845","1500692841","7/22/2017 3:07:21 AM","0x8f81085f33f91379b01069e64896a841f555ae8f","0xfbb1b73c4f0bda4f67dca266ce6ef42f520fbb98","2251.77325191"
"0xd28279c4fab9ba793c9d1857523d3e8bec8580ad1419051b22fd306ab2723e07","4055853","1500692945","7/22/2017 3:09:05 AM","0x1151314c646ce4e0efd76d1af4760ae66a9fe30f","0x8f81085f33f91379b01069e64896a841f555ae8f","1973.76057127"
"0x9d3597f89a3780415cfa1843a9822a8b89508557c79bc999e1832d07b120abef","4055856","1500692991","7/22/2017 3:09:51 AM","0x1151314c646ce4e0efd76d1af4760ae66a9fe30f","0x439930333ec0fb41215c9bdb00204690de7c0ab4","47.804"
"0x148e4a34b98fe313fb7fa073f3fa3953777634650d5efce552b68fee4c784384","4055857","1500693002","7/22/2017 3:10:02 AM","0x8f81085f33f91379b01069e64896a841f555ae8f","0xfbb1b73c4f0bda4f67dca266ce6ef42f520fbb98","1973.76057127"
"0x8c11f2499fd51f886d70c2c3c1a5b0b6bd07e7a3b452cf1c2a4a756dd7729389","4055877","1500693334","7/22/2017 3:15:34 AM","0x6cc7211a9c4508701936b81b98fb670825d3e5f4","0x3fd51f6b2ea5b758dbbc4fae506cc49d856b0fae","2291.754"
"0xc95fb796d8a9826b09dccf3cd74f0d6ad65d105786124a6f3e5724114a1de7fa","4055889","1500693488","7/22/2017 3:18:08 AM","0x1151314c646ce4e0efd76d1af4760ae66a9fe30f","0x8f81085f33f91379b01069e64896a841f555ae8f","1683.71014304"
"0xa2fb48e63dcdf5c141e8795c271a80071d7e79440491999e7f19604ed8d9a04e","4055896","1500693606","7/22/2017 3:20:06 AM","0x8f81085f33f91379b01069e64896a841f555ae8f","0xfbb1b73c4f0bda4f67dca266ce6ef42f520fbb98","1683.71014304"
"0x070c37d3cb453e32afab3d686665e3fae9512beaf9846f78377b137a06acddd6","4055897","1500693630","7/22/2017 3:20:30 AM","0x3fd51f6b2ea5b758dbbc4fae506cc49d856b0fae","0x8737305011408648c0c2fc6ff831d566fbaac483","2291.754"
"0xb3503833f8516209349feb80a90be48b208e1a6b14234fe6b1450ebaf31d9a8f","4055920","1500693943","7/22/2017 3:25:43 AM","0xfbb1b73c4f0bda4f67dca266ce6ef42f520fbb98","0xf305cb3c1d5af0eba9bd83d0f83a345b0d41e4ae","866.35706399"
"0xee57fe68dc75ec3da459040877ec706b70ab10d962664711627979d22ba46d17","4055920","1500693943","7/22/2017 3:25:43 AM","0x1151314c646ce4e0efd76d1af4760ae66a9fe30f","0x8f81085f33f91379b01069e64896a841f555ae8f","3423.61982418"
"0x4c007f10c01067cd1eb91f55e6719df4f7ba74b0f5aa466e4b7f1232670f38de","4055925","1500694143","7/22/2017 3:29:03 AM","0x8f81085f33f91379b01069e64896a841f555ae8f","0xfbb1b73c4f0bda4f67dca266ce6ef42f520fbb98","3423.61982418"
"0x139a38c2c911550c1ec8aac1674a040c9846bcc97bb425706a1d1162063eb764","4055925","1500694143","7/22/2017 3:29:03 AM","0x1151314c646ce4e0efd76d1af4760ae66a9fe30f","0x8f81085f33f91379b01069e64896a841f555ae8f","2536.84358626"
"0xb9e93fd732b60d2a7de8fcca9fc2839e07059321f269259831319f7e9d1c88be","4055927","1500694186","7/22/2017 3:29:46 AM","0x1151314c646ce4e0efd76d1af4760ae66a9fe30f","0x8f81085f33f91379b01069e64896a841f555ae8f","2801.35217415"
"0x890bf940cc25bc4fd9ea9cc429e9e32e5779b24ea546866d3688deed19c14929","4055927","1500694186","7/22/2017 3:29:46 AM","0x1151314c646ce4e0efd76d1af4760ae66a9fe30f","0xd55ace02561f39474afc12cadc74d37275d4cbb4","416.14334"
"0x093e8bad14eb6a4629c1498c75bb9a120a9b68a60199c2cf46a2bbb1d7386cf3","4055930","1500694260","7/22/2017 3:31:00 AM","0x435fbab1c8551fb94f3c46bd7a5f4e35b1acf666","0x6cb1627bd7bffa6f638af8450ae4316de0352906","999.4"
"0x55da36b9e53114c081edf82c1a113de2b3a973f3f548d87f5327f637c5feaa10","4055930","1500694260","7/22/2017 3:31:00 AM","0x53c37218191582c419ab6aab3bf216c5478e95b1","0xf0b646ef26ff6f52a3d446e4f441dc3bf83934cf","485"
"0x545583d322e251ffaf15f347c007c3e37e0f62450701ee1e34f080d0b7a4e256","4055934","1500694334","7/22/2017 3:32:14 AM","0x8f81085f33f91379b01069e64896a841f555ae8f","0xfbb1b73c4f0bda4f67dca266ce6ef42f520fbb98","5338.19576041"
"0x7a98aeab886271bbf4982278445992d2c24c53f82b9071f86a7978feef315720","4055944","1500694518","7/22/2017 3:35:18 AM","0x1151314c646ce4e0efd76d1af4760ae66a9fe30f","0x8f81085f33f91379b01069e64896a841f555ae8f","3564.54799516"
"0x35dc561824f1574278f376bbce0d6c70597ec9b58d9c75ac9de934436fa1a5f3","4055944","1500694518","7/22/2017 3:35:18 AM","0x6cb1627bd7bffa6f638af8450ae4316de0352906","0xfbb1b73c4f0bda4f67dca266ce6ef42f520fbb98","999.4"
"0x7a47c6294e18df6544c74cf2e861f68841ae996c06100a7b8a9b974e6e5bc3b9","4055952","1500694665","7/22/2017 3:37:45 AM","0xf0b646ef26ff6f52a3d446e4f441dc3bf83934cf","0x8737305011408648c0c2fc6ff831d566fbaac483","485"
"0x6c4f2abc3ebcb3d9d01d971c29be5a59bb67c8d05755ca578e14434db8465bc1","4055952","1500694665","7/22/2017 3:37:45 AM","0x5e575279bf9f4acf0a130c186861454247394c06","0xf2957c1f5530342872297fdb08cdb5bec2d8edfc","1294.97183636"
"0x77d0911e16f862fc90b7c57dfc9eb6cf95eb07c3bc112c90131e7d6b27dc6874","4055952","1500694665","7/22/2017 3:37:45 AM","0x8f81085f33f91379b01069e64896a841f555ae8f","0xfbb1b73c4f0bda4f67dca266ce6ef42f520fbb98","3564.54799516"
"0x11bd4dac18c66588e357e03e4afa5d6270eae9430daad3d4b9249827141ee4ac","4055959","1500694749","7/22/2017 3:39:09 AM","0x1151314c646ce4e0efd76d1af4760ae66a9fe30f","0xedd8c505c808144f3fcace181cbc26f796b86b8d","5066.7"
"0xd88060fb9c6fca8a5d7d8a86a4aed5caf7099b14cba88a4444d97f432ae4f4b8","4055964","1500694808","7/22/2017 3:40:08 AM","0xf2957c1f5530342872297fdb08cdb5bec2d8edfc","0xfbb1b73c4f0bda4f67dca266ce6ef42f520fbb98","1294.97183636"
"0x66f5e467c53487ed0a0b659ed1904dbc53d10918cab3df888f9c61fffd6e3c38","4055978","1500694974","7/22/2017 3:42:54 AM","0x8737305011408648c0c2fc6ff831d566fbaac483","0xe1031825e9667178167df00c485911847e4f91fe","200.397"
"0xa3bc854db66dd368ba280b5a456fd2547d7bc34819c42c3f5f17c074fee464b3","4055978","1500694974","7/22/2017 3:42:54 AM","0xedd8c505c808144f3fcace181cbc26f796b86b8d","0xfbb1b73c4f0bda4f67dca266ce6ef42f520fbb98","5066.7"
"0xc77c6c7d82f9992eebe753985bea521917d3074924c47eb3101c14e0bd90eb0e","4055978","1500694974","7/22/2017 3:42:54 AM","0x8737305011408648c0c2fc6ff831d566fbaac483","0x60b4bf902e31c48fd3e3aed35a321381ae5693db","4985"
"0x6cf84b5b99416651ab709c8aa168dad35f90dd8a90b54a8b35a7f447bf59babc","4055978","1500694974","7/22/2017 3:42:54 AM","0x8737305011408648c0c2fc6ff831d566fbaac483","0x53fb0162bc8d5eec2fb1532923c4f8997bace111","1859.98461592"
"0xbc41d62e6b8e27e66fe4b5004a12798c44042125f660b4a2a4e5f547771a3ea6","4055981","1500695011","7/22/2017 3:43:31 AM","0x8737305011408648c0c2fc6ff831d566fbaac483","0x06e98b48146f7f89427f51a165c61115fe0b0c52","995.006"
"0xcea7d7c06a46e82af4fa02e2acae726de3c693b872b38d1f9558955449c2ce53","4055981","1500695011","7/22/2017 3:43:31 AM","0x8737305011408648c0c2fc6ff831d566fbaac483","0x06e98b48146f7f89427f51a165c61115fe0b0c52","2099.72136156"
"0xbbd24fb19f8a9bc9c891b424642647332f3f85a1d5901ba6052beccb8cb72721","4055982","1500695036","7/22/2017 3:43:56 AM","0x435fbab1c8551fb94f3c46bd7a5f4e35b1acf666","0x6cb1627bd7bffa6f638af8450ae4316de0352906","0.1"
"0x04d02d37d76c4e17eff27afe0b6a5b778044a3e58d526718966829c64b172b9f","4055982","1500695036","7/22/2017 3:43:56 AM","0x8737305011408648c0c2fc6ff831d566fbaac483","0x982859b60f1e51fba8fa32afb8523422a47c6b3b","1070.38765456"
"0x3616f2d175c8d1c4d383e54e4704b1b49e0121cb186ad0a385f90703145d8776","4055985","1500695120","7/22/2017 3:45:20 AM","0x06e98b48146f7f89427f51a165c61115fe0b0c52","0xfbb1b73c4f0bda4f67dca266ce6ef42f520fbb98","3094.72736156"
"0x99380ebd77d4db64024cb8e77e373703ad5c34ca271db44b0a4ae2b06f1e133e","4055985","1500695120","7/22/2017 3:45:20 AM","0x6cb1627bd7bffa6f638af8450ae4316de0352906","0xfbb1b73c4f0bda4f67dca266ce6ef42f520fbb98","0.1"
"0xe47e99e29df0c9a1a1618fd84af85da599bde77bb078e15156d9fc240ba0172c","4056017","1500695785","7/22/2017 3:56:25 AM","0x2ebb507b1da5b2619515d542a8af27b0747a6bc2","0x506b3d01be86c223d2b31117b8fcd61279d7d38e","1069.357"
"0x4e9ee5842c02214d41bc94b352bf6eaff7fcb4695d17621f47ace4bee37b2f68","4056018","1500695788","7/22/2017 3:56:28 AM","0x8d12a197cb00d4747a1fe03395095ce2a5cc6819","0x0777d7650560ab6b19d15f3c82f7d0faff96e3e7","226.824"
"0xa866627f76e16052f87a8187dc329eab57e7f7d0b979007054193f8067228546","4056018","1500695788","7/22/2017 3:56:28 AM","0xfbb1b73c4f0bda4f67dca266ce6ef42f520fbb98","0xad49f37ddc56bb3702fa7aef24d341b5f4366836","2.99"
"0x3bffc83b092cce4ea79c379a7a9e08c6de1a0a8cacf78a9035f6976ac138212f","4056025","1500696012","7/22/2017 4:00:12 AM","0x0777d7650560ab6b19d15f3c82f7d0faff96e3e7","0x0a1a3cbe864b6a34685f041af2ae026b6be15904","226"
"0xabc64384dbeb90a43e085a3705ee7264639e7a14aeb9c3b6fd7475b6d6dd1d8f","4056027","1500696031","7/22/2017 4:00:31 AM","0x8737305011408648c0c2fc6ff831d566fbaac483","0x60b4bf902e31c48fd3e3aed35a321381ae5693db","4985"
"0x4f61bdf50392767d4ed7555d182c0b0e20060bf22fb1a435dc57e02f81eeed7a","4056040","1500696255","7/22/2017 4:04:15 AM","0xfbb1b73c4f0bda4f67dca266ce6ef42f520fbb98","0xb9c5b4bf86119fb67cc6f3df9632de2b46648143","3252.23087634"
"0x1ec45fabec3ba93e02ae50d89a318a46f15c72b082fc157dbe5e349075a4b96f","4056040","1500696255","7/22/2017 4:04:15 AM","0x0a1a3cbe864b6a34685f041af2ae026b6be15904","0x1151314c646ce4e0efd76d1af4760ae66a9fe30f","226"
"0xaef144249dec942b23747e2142546538ff22a411ed415fe44fd1eb39d341e67b","4056040","1500696255","7/22/2017 4:04:15 AM","0x8737305011408648c0c2fc6ff831d566fbaac483","0xe1031825e9667178167df00c485911847e4f91fe","101.38493"
"0xb6238af9528b78b3de0d308129d27accb3682c33a644a45411ec238507e5f82b","4056040","1500696255","7/22/2017 4:04:15 AM","0x506b3d01be86c223d2b31117b8fcd61279d7d38e","0x8737305011408648c0c2fc6ff831d566fbaac483","1069.357"
"0x4f091cf75cfcaa3665a4c353b8751417e2cff0a9c389d88c238af8383c2c400e","4056041","1500696268","7/22/2017 4:04:28 AM","0xe7b834a99fe69e81c76ca913bc48492a41c70e86","0x9a49c333b9aea6741a37d0e53a719b8f3465557e","220"
"0xd2adc96ba0bb328126a5b07ce1541d271fe1998f364860c9c172f3f01c639da0","4056053","1500696427","7/22/2017 4:07:07 AM","0x388736a2b2146faf07708cad3795c346d641bd99","0x983dc367c403f59037acf2e5767bc3d625a104c7","261.42309871"
"0xbed740391dcb2611b9c82d96fcbdb591a9ecb2e82ff65c085fb5cfddb4c20751","4056058","1500696575","7/22/2017 4:09:35 AM","0x983dc367c403f59037acf2e5767bc3d625a104c7","0xfbb1b73c4f0bda4f67dca266ce6ef42f520fbb98","261.42309871"
"0xceec017647eeeaeb7afc22609684fe2afa087ffaa56cf0b1efe3214fbaf44cdd","4056059","1500696605","7/22/2017 4:10:05 AM","0x9a49c333b9aea6741a37d0e53a719b8f3465557e","0x8737305011408648c0c2fc6ff831d566fbaac483","220"
"0xbcda1c97f22f977b701a9ddf74ffbde7454e5209bae4b301ea0b12b5ed7cfdd3","4056095","1500697361","7/22/2017 4:22:41 AM","0xfbb1b73c4f0bda4f67dca266ce6ef42f520fbb98","0x3e647e803457f812b648c5a4ee83166f05e32502","11000.99"
"0x241a2f4d2e74a0ad9d909e00fabc54209fc243003596c1df261034d08363e13e","4056100","1500697480","7/22/2017 4:24:40 AM","0x8737305011408648c0c2fc6ff831d566fbaac483","0x60b4bf902e31c48fd3e3aed35a321381ae5693db","4985"
"0xdbd346f2f3d0bfb85f86fa9427b6c1232631a8b8521787284b6dd1fab54b08ae","4056122","1500697792","7/22/2017 4:29:52 AM","0xfbb1b73c4f0bda4f67dca266ce6ef42f520fbb98","0x23614f922700c4fd49a5586d8fd1d433fedb8920","1188.80181437"
"0xfec4e8be2b21c2b9c1b60f23a9474ae8f97d7342103a099ba55d8370de29a152","4056135","1500698039","7/22/2017 4:33:59 AM","0x8d12a197cb00d4747a1fe03395095ce2a5cc6819","0xe117bad23e672d5ee62f9e94f0af545246ef1f12","50"
"0x482d9247cb68f1648a84161cca9d9c2a98860ce3c0fe0a59d65079877ff9a88a","4056146","1500698210","7/22/2017 4:36:50 AM","0x2ebb507b1da5b2619515d542a8af27b0747a6bc2","0xfa399d5d1dfd797c265d493d89087bf9c1729503","2094.802"
"0x6331106c0a9f00a292d37fe2eb82df033bdadaad4c3117f32d50ec8df3087afa","4056176","1500698662","7/22/2017 4:44:22 AM","0x2ebb507b1da5b2619515d542a8af27b0747a6bc2","0x48e75f2307c8705b5f228237f34264d934777544","20"
"0xa89a776e729ac41aa14cde76fe23f06ee0f05f9b8980dcf1aa53aea0164848f9","4056181","1500698711","7/22/2017 4:45:11 AM","0x138b965d1d97d9439d552ff16e301c99b899dd16","0x93cf6158328f2814982f5bbf0555cfb86d2d948f","10000"
"0x8ab88e70e2880691ad207ed27292d5f77e425a0f6feae1a3d5b8a1e4060c77d7","4056188","1500698824","7/22/2017 4:47:04 AM","0xe1611af129fe1e92b2bf13d2bb82987d5fd470dc","0xa36ab8a72ee2fa73d9f7e160e9a7f82ecaff612d","37000"
"0x570aa3a6ec2cc6e2d947aa7c10b52771771cdee3d87f22950ceeee7e5e4958de","4056190","1500698853","7/22/2017 4:47:33 AM","0x93cf6158328f2814982f5bbf0555cfb86d2d948f","0xfbb1b73c4f0bda4f67dca266ce6ef42f520fbb98","10000"
"0x8e092d1b2de3b468cd1b70e7400220f97c4bb970a8a1a344c422b62669bc5b0c","4056195","1500698927","7/22/2017 4:48:47 AM","0x8d12a197cb00d4747a1fe03395095ce2a5cc6819","0xbd61062ceed7aafa874ebf6e2d26ebcb9a536d49","32.258"
"0x92733195c060fefba87ffa83df7e1b0931d9abd043a1a17ccb265bb041007f96","4056199","1500699004","7/22/2017 4:50:04 AM","0xa36ab8a72ee2fa73d9f7e160e9a7f82ecaff612d","0xfbb1b73c4f0bda4f67dca266ce6ef42f520fbb98","37000"
"0x85c6b2505a27c8da2471423e0c74128b9aae4ccd80d0a62c76194d26c7387483","4056211","1500699171","7/22/2017 4:52:51 AM","0xdadd761ed259b4674a4728be71460cc86c78080a","0x88086ba4c57f20e320d528d99a23f49c4990d069","1"
"0x58744ba9cd4949bcdbc537b7169f47bd9b6131aa98962a04c98a1adecaabe4e0","4056214","1500699255","7/22/2017 4:54:15 AM","0xfbb1b73c4f0bda4f67dca266ce6ef42f520fbb98","0xa9fc0fcba072aa306d71610ddff6a3529375e33d","0.99"
"0x9e9e2466c8afe28b145d7c8de265d26c7fb4cc2edaf5e3a4fddeb7b90d427fce","4056222","1500699405","7/22/2017 4:56:45 AM","0xfbb1b73c4f0bda4f67dca266ce6ef42f520fbb98","0xa8b3a72b4ec10448199e17a0d8b619392aadeb49","2274.94173122"
"0x19af3c20b7d234d767168cfc9f93a8c79a2b64a43e0caa56c3558c16eec14612","4056222","1500699405","7/22/2017 4:56:45 AM","0xfbb1b73c4f0bda4f67dca266ce6ef42f520fbb98","0xa9fc0fcba072aa306d71610ddff6a3529375e33d","1199.04002804"
"0x859a1c5918b4e7ae654cb70ce1458ca0bc355bf347a0958b352bf66d02639b17","4056228","1500699504","7/22/2017 4:58:24 AM","0x88086ba4c57f20e320d528d99a23f49c4990d069","0x8737305011408648c0c2fc6ff831d566fbaac483","1"
"0xc8009f101bcbd4c99414bb5d470b4611e30b79f5e21f14c27a0791bbf0b55734","4056240","1500699676","7/22/2017 5:01:16 AM","0xdadd761ed259b4674a4728be71460cc86c78080a","0x88086ba4c57f20e320d528d99a23f49c4990d069","4909"
"0x8378370a272f284ee12f573e2360bb86b9fb57a56406da4b6ab9220c9968990d","4056251","1500700068","7/22/2017 5:07:48 AM","0x0fc9053333a0db48708e956edc964cad6f40a33f","0xcd3dcb957259e888a64f92232757905db43e9fba","1000"
"0xf297df12dc5c7aa32ca94dfe2eae3790bb7f092b961c8e2bba1b7aafb6d519ba","4056251","1500700068","7/22/2017 5:07:48 AM","0x8737305011408648c0c2fc6ff831d566fbaac483","0x1cef662bae3c78e961e4df919d99349f6466c039","995.58426"
"0xfdc203afdb3aef79cd478644e9e3ffaea038b544fcaeb0fb5180d6202ed74e16","4056261","1500700225","7/22/2017 5:10:25 AM","0x88086ba4c57f20e320d528d99a23f49c4990d069","0x8737305011408648c0c2fc6ff831d566fbaac483","4909"
"0x12bf6c4097b7bf1da881261865486cc40f9b73435f3f17feb701cbdf8febe676","4056267","1500700418","7/22/2017 5:13:38 AM","0xcd3dcb957259e888a64f92232757905db43e9fba","0x1151314c646ce4e0efd76d1af4760ae66a9fe30f","1000"
"0xeb9d9de4029ee5e595bd2f336977b3bb95ff954354680b881a23e79d836dfc28","4056280","1500700807","7/22/2017 5:20:07 AM","0x5e575279bf9f4acf0a130c186861454247394c06","0x2f7e834d25fec64bec8f4cdc81d530b42cfd0c31","4995"
"0xbb6e630cfd6bb8a77823dd77f6b3f5783c37dfabec4e570a909e0aa09c8c5416","4056287","1500700942","7/22/2017 5:22:22 AM","0xfbb1b73c4f0bda4f67dca266ce6ef42f520fbb98","0xa6736ca2161f01bec1664aa258ea1a00bf79c495","847.99"
"0x9dc34b59e81f7158acf5a30916fcbbbaf8ec478a4dab8b933fb7423baa736583","4056291","1500700984","7/22/2017 5:23:04 AM","0x2f7e834d25fec64bec8f4cdc81d530b42cfd0c31","0xfbb1b73c4f0bda4f67dca266ce6ef42f520fbb98","4995"
"0x7ce1b10bbe901326b2ce89433cd3f2384b8787fe9a09e8c204bac60eba85f6fb","4056296","1500701112","7/22/2017 5:25:12 AM","0xfa9a82b57940f960098ed865e7a22586778e9cec","0xb65270317c1690f537b78f5bf961784b1e55aaa4","10000"
"0x08b9abfcaec0ecc63421f4c544398e65963cbfc1ae0c2fcef4fe0b9023a3db4f","4056296","1500701112","7/22/2017 5:25:12 AM","0xfa9a82b57940f960098ed865e7a22586778e9cec","0xfbfda50f2e0cce0f817c387e33592a73c7dbc62b","10000"
"0x97b89cd32adbe708a5f9e73bc2c204520446bc9ce46c88e26e0435be5d43816a","4056300","1500701274","7/22/2017 5:27:54 AM","0x621f7710e8bc1b1f1942cbf252487fc07909c18f","0x356141e2b21a5a1527ee28a8a782efc0fb32d450","2952"
"0x5a8b888847466ab9ac6c106ef9fb22bfaf8a166c7a58748694934017a190df2d","4056307","1500701451","7/22/2017 5:30:51 AM","0x1151314c646ce4e0efd76d1af4760ae66a9fe30f","0x16669c161e27521d96cbc9d5af37f24fc70ae8ca","1106.08534237"
"0x8cacdaab4e5c290252f48d7397558048fec0f5bbd320f2a6daaebd081086279b","4056316","1500701632","7/22/2017 5:33:52 AM","0x8737305011408648c0c2fc6ff831d566fbaac483","0xfa399d5d1dfd797c265d493d89087bf9c1729503","146.559"
"0x011d1a4b97084ea9ac5a6d27d044defa95ef23bea360766161c459f8460a0bce","4056338","1500702071","7/22/2017 5:41:11 AM","0xfa9a82b57940f960098ed865e7a22586778e9cec","0xd123b896109ca0ca44793720600e4b1e1923453d","20000"
"0x5be038d3c169184ea42d74b726ba16e2d5a41e3263310d7b3b101c7bee7eee18","4056345","1500702216","7/22/2017 5:43:36 AM","0x621f7710e8bc1b1f1942cbf252487fc07909c18f","0x356141e2b21a5a1527ee28a8a782efc0fb32d450","3324"
"0xa7bac13a17d8f688929ecd21c0ea3a43c7fd932a75d397c719fd571883c3fd48","4056355","1500702377","7/22/2017 5:46:17 AM","0x982efa0ff3603c580edb72ee8c4ec21b13c8c6fa","0xd9894c2f9cc96b905cc81ccf32d443fbb2cd3235","500"
"0xe87774df4466ae4ac6d910ef6ba57165cb7ad8387c5392afa0e67a06d584d8d6","4056372","1500702642","7/22/2017 5:50:42 AM","0xd9894c2f9cc96b905cc81ccf32d443fbb2cd3235","0x1151314c646ce4e0efd76d1af4760ae66a9fe30f","500"
"0xc57dda1f88634f2cf6766d228749eeedda93447a36e8cc53f5caa90d9122f70a","4056426","1500703767","7/22/2017 6:09:27 AM","0xfbb1b73c4f0bda4f67dca266ce6ef42f520fbb98","0xaf8cba71b52d4b750fd3e9556ce37d4db627d673","39999.99"
"0xdc38011fe2aa8427c941bc987a454562551df9f99a8efb83c6d237dcc45ca490","4056433","1500703938","7/22/2017 6:12:18 AM","0xfa9a82b57940f960098ed865e7a22586778e9cec","0x8d99e55d61f47602bfb9548e9669419091049119","20000"
"0xce04cb7c21700af460c5f3a74ee7742d54371899425cde59626370aa40f806f2","4056435","1500703996","7/22/2017 6:13:16 AM","0x5e575279bf9f4acf0a130c186861454247394c06","0xd1adf0f9c34ff3bc1de765217f4410b4751b0e8c","1335.19042952"
"0xb845dc14e920a6164c214798b2d4585468be8fb8d20628c89bb9def7d729de32","4056442","1500704128","7/22/2017 6:15:28 AM","0xe7632cc83fe0d310db059ff37fa95d00dbad351c","0x1c750e4cc54f754dd88df3922256006e50d956d4","100"
"0x5b6ceae571fa44b35b07f579d21bdd28b8c5c44b5142f5b58d05a69872837e97","4056448","1500704212","7/22/2017 6:16:52 AM","0xd1adf0f9c34ff3bc1de765217f4410b4751b0e8c","0xfbb1b73c4f0bda4f67dca266ce6ef42f520fbb98","1335.19042952"
"0x610e5f2c1836f7586c8a246591f722caa28d90f3e5dc2e3bdc9a46822bf3b668","4056501","1500705362","7/22/2017 6:36:02 AM","0xf07b1057cf895a8700228afefc74b153dc9063cd","0x648d829ae4ffcd13b6694c425cd08ef433f57f0b","0.7095"
"0xb64418dff96166b6a00310a772006303762a702902ad9d661f8e3b5a20114bcb","4056504","1500705510","7/22/2017 6:38:30 AM","0x388736a2b2146faf07708cad3795c346d641bd99","0x3568bd84a0d6e99cca50ee4bf0f612f603eff48e","280.87544084"
"0xffa7ed033e0e2d83edc937c3f5f875fa2e151daa8bd35498573ce3565daf230b","4056504","1500705510","7/22/2017 6:38:30 AM","0x1151314c646ce4e0efd76d1af4760ae66a9fe30f","0xf111dc0f422cd1315faa33ad0a95f70518c73a79","49.9"
"0xb675ab9cea63ecb92312720b58ac366431f1599125a31ade1d1806932af41b12","4056505","1500705537","7/22/2017 6:38:57 AM","0x8737305011408648c0c2fc6ff831d566fbaac483","0x008e807e14466bf6e2fefd22ce9595df15859081","9257.57371"
"0x2367d541e8772071ffe0e9199cb4645eee58f2b13097c348eb04d9a1c8e82f86","4056506","1500705584","7/22/2017 6:39:44 AM","0x8737305011408648c0c2fc6ff831d566fbaac483","0x60b4bf902e31c48fd3e3aed35a321381ae5693db","12929.096"
"0xed20f629dde469c8d5e6cb36c4699893f76e03e4a1c7828a4e2e68a4dad02208","4056506","1500705584","7/22/2017 6:39:44 AM","0x8737305011408648c0c2fc6ff831d566fbaac483","0x470d87fe317af50486a4f1e0a894c515c9b21553","1032.892"
"0x5eac0809bb88fa7f31d43633e82f35bf471ecb80eabca890b833388ec0e0dfac","4056506","1500705584","7/22/2017 6:39:44 AM","0x8737305011408648c0c2fc6ff831d566fbaac483","0xecea64d1caf164592478e52c4c84a90c9934ab44","3996.973"
"0x62b202367ade73ee374e031b3ab436baf56c4a9bacbeb2387c46c8f66a684274","4056509","1500705638","7/22/2017 6:40:38 AM","0x693ac0d0aa10bf1da62f7dc54f63174b32a396b5","0xf9cd7e060a460108c2a10c726fe31bce471fa83b","1200"
"0x7bfd1ec75c609e08aba80f3b67c3a7cbf3706919810bb793fc40349ed400a0db","4056510","1500705656","7/22/2017 6:40:56 AM","0x8737305011408648c0c2fc6ff831d566fbaac483","0xd3512ac47617ed8d5d2940bbead370fcffa91455","3589.2"
"0xb70dde1aa9ce312edddd3e372d4ee81d8bb55791756f76d96028fc6d750906af","4056514","1500705711","7/22/2017 6:41:51 AM","0x3568bd84a0d6e99cca50ee4bf0f612f603eff48e","0xfbb1b73c4f0bda4f67dca266ce6ef42f520fbb98","280.87544084"
"0x7006a899f6949749d825cc8c068e3feeeaee747f2470bf5c98f89242d25a5994","4056514","1500705711","7/22/2017 6:41:51 AM","0xf111dc0f422cd1315faa33ad0a95f70518c73a79","0xfbb1b73c4f0bda4f67dca266ce6ef42f520fbb98","49.9"
"0xcbcf4dbaa482347d201d8003f2cb06a00306caa47762f0f9c4cc2421483bdf89","4056514","1500705711","7/22/2017 6:41:51 AM","0x470d87fe317af50486a4f1e0a894c515c9b21553","0xfbb1b73c4f0bda4f67dca266ce6ef42f520fbb98","1032.892"
"0xf7eeb61b422025839ddf75f8ab70b410c3cf6ab82f4d5d002cb3a27ad0e3cafe","4056514","1500705711","7/22/2017 6:41:51 AM","0xecea64d1caf164592478e52c4c84a90c9934ab44","0xfbb1b73c4f0bda4f67dca266ce6ef42f520fbb98","3996.973"
"0xf074e1eb67b389faae7b5c233cd2adf83b8d110de4b975ad8f17cff830297c16","4056526","1500705844","7/22/2017 6:44:04 AM","0x8737305011408648c0c2fc6ff831d566fbaac483","0xecea64d1caf164592478e52c4c84a90c9934ab44","687.93"
"0x021fa3468e5aafb19d49e4c829433b093da9a4d7c46857ab2f7d8796aba5f2a0","4056528","1500705938","7/22/2017 6:45:38 AM","0x008e807e14466bf6e2fefd22ce9595df15859081","0x97a4da9051df120d27a52d4760c0745a93b4b58e","9257.5737"
"0xf85f5559e0960ed9295d524a79ca474250a7f2f10a9f046380f3f63ed58b92ec","4056531","1500705992","7/22/2017 6:46:32 AM","0xecea64d1caf164592478e52c4c84a90c9934ab44","0xfbb1b73c4f0bda4f67dca266ce6ef42f520fbb98","687.93"
"0xd5ee4e50a98c8777e5ca496a7b4a4bf548fa96bb7052a4c6d6def5c80a8129e8","4056532","1500705995","7/22/2017 6:46:35 AM","0xf9cd7e060a460108c2a10c726fe31bce471fa83b","0x8737305011408648c0c2fc6ff831d566fbaac483","1200"
"0xd33a83dd4e82251b1ec14ca4d5b001b2f90a303f1973dd9d3c378c0a55076f7a","4056533","1500706003","7/22/2017 6:46:43 AM","0x7bedbf39d8a17baabd2f5faa6d58fb6148095439","0xbc0b3e31feb5090168e304fff86f41218569784b","1999"
"0xf3d8ef11576460fa0f0cd6f31947dd8261231b5f2f75318e5fa25f0636ac1d9e","4056540","1500706172","7/22/2017 6:49:32 AM","0x97a4da9051df120d27a52d4760c0745a93b4b58e","0xfbb1b73c4f0bda4f67dca266ce6ef42f520fbb98","9257.5737"
"0x1637662223b34c46b0ab4e447e2b9f779bc4dcf22a2e0f1717f7c76941936cf1","4056548","1500706340","7/22/2017 6:52:20 AM","0xbc0b3e31feb5090168e304fff86f41218569784b","0x8737305011408648c0c2fc6ff831d566fbaac483","1999"
"0x7bd032ef1e444231143672d3d95219d7ebd1b97b780a4cf845bc614028b05f8b","4056568","1500706727","7/22/2017 6:58:47 AM","0x388736a2b2146faf07708cad3795c346d641bd99","0x3568bd84a0d6e99cca50ee4bf0f612f603eff48e","344.22319318"
"0xc078ed8ca52848f0f5a76e56bd0e63d1cb171c7285f19bcc1fdbd935fcdc3d87","4056571","1500706904","7/22/2017 7:01:44 AM","0x3568bd84a0d6e99cca50ee4bf0f612f603eff48e","0xfbb1b73c4f0bda4f67dca266ce6ef42f520fbb98","344.22319318"
"0x678f86902ee34982ef37c107a94bbb386c7ce01baaba4aebac3a71fe6fa4f430","4056573","1500706997","7/22/2017 7:03:17 AM","0x5e575279bf9f4acf0a130c186861454247394c06","0x8f28d8c7327b6b54217a7ed060944c47270bf071","5619.46726717"
"0xa328500c0e59f54a927ca245b4f73c1fb5871eaac3908b9349b71dc3d6c1ff3b","4056582","1500707150","7/22/2017 7:05:50 AM","0xfbb1b73c4f0bda4f67dca266ce6ef42f520fbb98","0xa58b2913ff310e4de8c1ed020acee62a8443c2ae","3987.99"
"0x5415da0b288a2d7e6f0ee5bcf3668076807101d5536a5170a88eaa5cb026be88","4056607","1500707508","7/22/2017 7:11:48 AM","0x8d12a197cb00d4747a1fe03395095ce2a5cc6819","0x097501c95264ad3204159efaefdc5820783dbeae","408.736888248678"
"0x2d5dfd8b06da5b696d04d40dc5e239bec303a3cf0757dfb7c78ac7d921dd835c","4056614","1500707621","7/22/2017 7:13:41 AM","0xfbb1b73c4f0bda4f67dca266ce6ef42f520fbb98","0xea0d4b63bba7849b8f4add51ed78f6000ed91b65","2.5"
"0xf66e4a6a8a78ce9809e751c7b5808b58b64111c2082ac7f64c42e973b924a9db","4056615","1500707623","7/22/2017 7:13:43 AM","0x097501c95264ad3204159efaefdc5820783dbeae","0xbee9a6a43e41f0df1e917c96642aef93c679831f","408.736888248678"
"0xdb76fa1a444403c28b5e00247dc7c505f786bfca257cbeaacb74d92a4ac5aac9","4056627","1500707755","7/22/2017 7:15:55 AM","0xbee9a6a43e41f0df1e917c96642aef93c679831f","0xfbb1b73c4f0bda4f67dca266ce6ef42f520fbb98","408.73688824"
"0x21747cbb4026bc1c81b9668b6205fda7adee5691e770d0da029a834787240a8f","4056631","1500707838","7/22/2017 7:17:18 AM","0x2875f367b4c6c07ca72568a9b0d0887a37f06b24","0xdd00e9a1f0669ec03ec7006daab4baa76fbb1b3f","50"
"0x0df7eed43d22953dbdb325c4a6526f7de30975fae7f4c91b1a50cc52c05ab96c","4056631","1500707838","7/22/2017 7:17:18 AM","0x5e575279bf9f4acf0a130c186861454247394c06","0x77eca664b63bb91354e303e68d885f7426d3f00b","629.93686904"
"0x95f6ecd739a39783c4b7183c7c4753af9307c7cc3c9ac63ef08ead424105f2c3","4056637","1500707921","7/22/2017 7:18:41 AM","0xdd00e9a1f0669ec03ec7006daab4baa76fbb1b3f","0xfbb1b73c4f0bda4f67dca266ce6ef42f520fbb98","50"
"0x8c04f15ca8ca5dc0e30c9e8922777731ad4b44f58f1d20337a958de768e073cb","4056637","1500707921","7/22/2017 7:18:41 AM","0x77eca664b63bb91354e303e68d885f7426d3f00b","0xfbb1b73c4f0bda4f67dca266ce6ef42f520fbb98","629.93686904"
"0xb51c766dce6c89cd32dce2f0d807d4357e6c3c3c89fc5b5af606243f4cf92e52","4056667","1500708508","7/22/2017 7:28:28 AM","0xf4b51b14b9ee30dc37ec970b50a486f37686e2a8","0x1151314c646ce4e0efd76d1af4760ae66a9fe30f","500000"
"0x014beb0fda9af3dbd2b4d5fd99482851898207a634e3e0439c1bed001634f554","4056675","1500708617","7/22/2017 7:30:17 AM","0x8c4531b3f4cdfee616a44eaef29b5b5ee60cdf6d","0x93afb5e4d9c04b821e3e81e0090ae94941ee5320","20000"
"0x41d05fdd3ce926715abc8b5ec12ccf604c533fd84760ce8b8ef1f7170218ecd6","4056679","1500708671","7/22/2017 7:31:11 AM","0x1151314c646ce4e0efd76d1af4760ae66a9fe30f","0xf4b51b14b9ee30dc37ec970b50a486f37686e2a8","73968.57049"
"0x430d44ba16560a6c122519ccb295a9e6a37fcc6619b9343580c44b8475f8df60","4056681","1500708711","7/22/2017 7:31:51 AM","0x1151314c646ce4e0efd76d1af4760ae66a9fe30f","0xedd8c505c808144f3fcace181cbc26f796b86b8d","6763.4"
"0xca4e2a41d5804a397274fe2168b36ed882829deeb88994229dacca5d42a02e19","4056681","1500708711","7/22/2017 7:31:51 AM","0x1151314c646ce4e0efd76d1af4760ae66a9fe30f","0x8f81085f33f91379b01069e64896a841f555ae8f","13518.25420139"
"0xf38326f4beff3c7c26e1159852714ec41cf90a32b36d4ef42ca398d98c1912d3","4056684","1500708795","7/22/2017 7:33:15 AM","0x1151314c646ce4e0efd76d1af4760ae66a9fe30f","0x8f81085f33f91379b01069e64896a841f555ae8f","3081.47511392"
"0x7d647bdcdf04154fca79ac9db94d870fc5b90fe909815b860f0d79686820a429","4056684","1500708795","7/22/2017 7:33:15 AM","0xb1e794b280a0848da2c683400fc7c8ff55b40a82","0x5946d24a2bb9fb2e0cc808e70a0cc838b33b023c","200000"
"0xfd3bd161bfc6b4413c488d4b5bf95dda7f2a77b5074b83bed5360950cfbc4f52","4056684","1500708795","7/22/2017 7:33:15 AM","0x93afb5e4d9c04b821e3e81e0090ae94941ee5320","0xfbb1b73c4f0bda4f67dca266ce6ef42f520fbb98","20000"
"0x0d1b467039d95db14db24e2b64d09b31ae18a114c033900c0a01ac281f77b08b","4056684","1500708795","7/22/2017 7:33:15 AM","0xedd8c505c808144f3fcace181cbc26f796b86b8d","0xfbb1b73c4f0bda4f67dca266ce6ef42f520fbb98","6763.4"
"0x6a9e6d78eb9bee7b80a1ff7520f47394baaf21acfa862bd465e02a71c506c871","4056684","1500708795","7/22/2017 7:33:15 AM","0x8f81085f33f91379b01069e64896a841f555ae8f","0xfbb1b73c4f0bda4f67dca266ce6ef42f520fbb98","13518.25420139"
"0x133e173eca57335f17d448df0bc7998f50974e34792154d20ec7d16c51f57a3c","4056686","1500708811","7/22/2017 7:33:31 AM","0x1151314c646ce4e0efd76d1af4760ae66a9fe30f","0xf4b51b14b9ee30dc37ec970b50a486f37686e2a8","3764.46453"
"0xf5553fb70eef9e7373830ab4065b57cd6a545adc137182e276d094e080d2cff8","4056691","1500708870","7/22/2017 7:34:30 AM","0x8d12a197cb00d4747a1fe03395095ce2a5cc6819","0xbd61062ceed7aafa874ebf6e2d26ebcb9a536d49","176.439"
"0x1e1d90581306074ddade2e8b535eb942564135cdc5d663ce13d3bcb82bc5543f","4056696","1500708908","7/22/2017 7:35:08 AM","0x5f8b9eee60102d928dddce7ce300a3945efa3d5e","0x69c7eb03139c07f5d5ce08296493a80ee327192d","10000"
"0xfb03b643647de22024a56ec5dc5b4744ef24d5ee4579a2abd72047bdb555ff8a","4056700","1500708969","7/22/2017 7:36:09 AM","0x8f81085f33f91379b01069e64896a841f555ae8f","0xfbb1b73c4f0bda4f67dca266ce6ef42f520fbb98","3081.47511392"
"0x111c6b8996bf79cf9f2eb0693d8d0c92fce93cb6be571e36c7bc992b6a3a9260","4056700","1500708969","7/22/2017 7:36:09 AM","0x1151314c646ce4e0efd76d1af4760ae66a9fe30f","0x1a2033dd3e1734a6c4143f839b7f673d49203adf","4522.66545331"
"0xd1ac8c65b5aac1dbbf3252047090c88565c59e394966c8248cd3fd53d078167c","4056700","1500708969","7/22/2017 7:36:09 AM","0x1151314c646ce4e0efd76d1af4760ae66a9fe30f","0x2f7e834d25fec64bec8f4cdc81d530b42cfd0c31","3999.9"
"0x34a82e494fb87e1837045bc297c807b4ce476033d67d3f0ce2fc7035db734241","4056700","1500708969","7/22/2017 7:36:09 AM","0x1151314c646ce4e0efd76d1af4760ae66a9fe30f","0xf111dc0f422cd1315faa33ad0a95f70518c73a79","2493.81237943"
"0x021ea3e5e78cb11df6696acb215e0597980153708513a34e65fc7597aa383fb0","4056700","1500708969","7/22/2017 7:36:09 AM","0x1151314c646ce4e0efd76d1af4760ae66a9fe30f","0xea2e8bae0ced822c2614fa153d1b74d995eeeb9a","2000.66195837"
"0x59f3253462d6bd9752656db92faf29b8dde199468cc14f53422aac6df3563aa3","4056700","1500708969","7/22/2017 7:36:09 AM","0x1151314c646ce4e0efd76d1af4760ae66a9fe30f","0xdb2db8a665e8f3e0ecb27766ae7e8c12cc4eb643","1864.97459289"
"0x1b35fab5d81906aa87dacc3384467836613a798f65e8de91e730d71a8a3bf283","4056700","1500708969","7/22/2017 7:36:09 AM","0x1151314c646ce4e0efd76d1af4760ae66a9fe30f","0xf4b51b14b9ee30dc37ec970b50a486f37686e2a8","11606.33676"
"0x7c2b20b876798fd0023c306713dfe0475b0562cc71d841f92044f4180fdece6b","4056703","1500709037","7/22/2017 7:37:17 AM","0x1151314c646ce4e0efd76d1af4760ae66a9fe30f","0x470d87fe317af50486a4f1e0a894c515c9b21553","1354.9"
"0x63a69aab91e74678e42ec384da46ce0de5e8dedef144303c63bc6ae67bce04ec","4056703","1500709037","7/22/2017 7:37:17 AM","0xbd61062ceed7aafa874ebf6e2d26ebcb9a536d49","0xac50802b868d1efcecf00a03f7cedd78f8d17ec3","208.697"
"0x9b7ca8c56b291d7dd77c4893d42e224a39ce94895584076d7b50a6a9fb1e375c","4056703","1500709037","7/22/2017 7:37:17 AM","0x1151314c646ce4e0efd76d1af4760ae66a9fe30f","0xf72fd11da966f0f7902abfccf384e6469c7a1c4f","999.9"
"0x2206755e9f63ebaa72068be8f00d45de24f0ec15978011927bdf807cc1669e7c","4056703","1500709037","7/22/2017 7:37:17 AM","0x1151314c646ce4e0efd76d1af4760ae66a9fe30f","0x9ae101d2198b3bc6b4956674d49af09bfe5c80f9","854.98930825"
"0x644183aa432c7d104c33e19b50ea2f4445cf48e2089541ec38eb443b82aa8c6a","4056713","1500709159","7/22/2017 7:39:19 AM","0x69c7eb03139c07f5d5ce08296493a80ee327192d","0xfbb1b73c4f0bda4f67dca266ce6ef42f520fbb98","10000"
"0xb5a9beda8f6d2553b0467e401618e91b229f5c4f54e554be2a05ab730f8edf67","4056713","1500709159","7/22/2017 7:39:19 AM","0x2f7e834d25fec64bec8f4cdc81d530b42cfd0c31","0xfbb1b73c4f0bda4f67dca266ce6ef42f520fbb98","3999.9"
"0xb8bd7ac93e230a1f90c94bd3b0ab9c0a9e4244521a361fe4e2bc927a65b74d9d","4056713","1500709159","7/22/2017 7:39:19 AM","0xf111dc0f422cd1315faa33ad0a95f70518c73a79","0xfbb1b73c4f0bda4f67dca266ce6ef42f520fbb98","2493.81237943"
"0x8ec667ba0ec32496542617564c350ebc5cf19263cd14afd24a2bc8e050e2ead3","4056713","1500709159","7/22/2017 7:39:19 AM","0xea2e8bae0ced822c2614fa153d1b74d995eeeb9a","0xfbb1b73c4f0bda4f67dca266ce6ef42f520fbb98","2000.66195837"
"0x56594a9428a0cba1c41b04b7ef136093b7e85f9fc4d1479e0ae0542b1fb4a859","4056713","1500709159","7/22/2017 7:39:19 AM","0x470d87fe317af50486a4f1e0a894c515c9b21553","0xfbb1b73c4f0bda4f67dca266ce6ef42f520fbb98","1354.9"
"0x0d22bcf4cab0c5330d2c4c809b6088b76f6a5a34a9daccecee19113526a21044","4056713","1500709159","7/22/2017 7:39:19 AM","0x9ae101d2198b3bc6b4956674d49af09bfe5c80f9","0xfbb1b73c4f0bda4f67dca266ce6ef42f520fbb98","854.98930825"
"0x1fc34ed66ad755eb078bc5827f2c58d2993ebf824c1524e27698d2e238f8d692","4056725","1500709347","7/22/2017 7:42:27 AM","0xf72fd11da966f0f7902abfccf384e6469c7a1c4f","0x8737305011408648c0c2fc6ff831d566fbaac483","999.9"
"0xcdf9fabb344cb18dac2b833a10cea4f07101f047b8f160ee8ee86166a765bdad","4056735","1500709655","7/22/2017 7:47:35 AM","0xfbb1b73c4f0bda4f67dca266ce6ef42f520fbb98","0x95a411c2b7cf120bed72410c72d342179ef0d50e","41198.99"
"0x9f8f808277ffcc9b680e1a93cc53de485ba9d56ac9c1cc89990fb3b0c008921c","4056739","1500709749","7/22/2017 7:49:09 AM","0x1151314c646ce4e0efd76d1af4760ae66a9fe30f","0x8f81085f33f91379b01069e64896a841f555ae8f","1555.6298307"
"0x85932ec7edcfbde84eabadfee3af50dec3a530a3fa1b5d82010b63ec03eaac71","4056744","1500709927","7/22/2017 7:52:07 AM","0x95a411c2b7cf120bed72410c72d342179ef0d50e","0x1151314c646ce4e0efd76d1af4760ae66a9fe30f","41198.99"
"0x007be2e1c7c4c712c716b9753e99dc2c6fe223a53209535cff0b8c5b44cbe3b0","4056746","1500709961","7/22/2017 7:52:41 AM","0x8f81085f33f91379b01069e64896a841f555ae8f","0xfbb1b73c4f0bda4f67dca266ce6ef42f520fbb98","1555.6298307"
"0x2de48bdc23dba86f5a444430e316e280ecd3fab13057868f128b24976ab237ca","4056748","1500710024","7/22/2017 7:53:44 AM","0x388736a2b2146faf07708cad3795c346d641bd99","0x3568bd84a0d6e99cca50ee4bf0f612f603eff48e","213.37091037"
"0xc83dadc65683ecc4ebb5553f0a7c477df0ef4276d515a1bd26894a36c673fde5","4056748","1500710024","7/22/2017 7:53:44 AM","0x1151314c646ce4e0efd76d1af4760ae66a9fe30f","0xf4b51b14b9ee30dc37ec970b50a486f37686e2a8","26213.40528"
"0x6e1a5a7bf98d3d11d551280d74cd14d69528b946617e46420ab34dbb74160849","4056752","1500710079","7/22/2017 7:54:39 AM","0x1151314c646ce4e0efd76d1af4760ae66a9fe30f","0xedd8c505c808144f3fcace181cbc26f796b86b8d","34184.2"
"0x12a8eeec2ec7ac5cb031c9ad4ff6feb328881d425008468a016dbb736021b385","4056764","1500710196","7/22/2017 7:56:36 AM","0x3568bd84a0d6e99cca50ee4bf0f612f603eff48e","0xfbb1b73c4f0bda4f67dca266ce6ef42f520fbb98","213.37091037"
"0xdf5df013cd06d3a4ccacbcc5e316350e2e02c81eb79da9487b446b98791e1384","4056765","1500710202","7/22/2017 7:56:42 AM","0x1151314c646ce4e0efd76d1af4760ae66a9fe30f","0x8f81085f33f91379b01069e64896a841f555ae8f","3801.82244136"
"0x704bf30ba3dcc29d672c37874fd93aadc05ba5814cb1cda625363bab5d285425","4056771","1500710341","7/22/2017 7:59:01 AM","0x4a00656781c832a3666a6836b6c19c8227de2399","0x3484f506abfe0cab05819c6afb3df8adccbfa3cd","216000"
"0xee9f8e7781878f3e7f8cc990ff05ae1be60c0c4d22e78571eceb277731e4abce","4056771","1500710341","7/22/2017 7:59:01 AM","0x1151314c646ce4e0efd76d1af4760ae66a9fe30f","0x8f81085f33f91379b01069e64896a841f555ae8f","1648.06590351"
"0xb3031be95fd6b6fddd8595f79fbc7be929021332ec55d3c48834c6b9d5e093d1","4056772","1500710356","7/22/2017 7:59:16 AM","0x8f81085f33f91379b01069e64896a841f555ae8f","0xfbb1b73c4f0bda4f67dca266ce6ef42f520fbb98","3801.82244136"
"0x016cbad7a1140a118efcf7658f5fb820c40ab358fbc3e2aaa7c67b29807f0d70","4056772","1500710356","7/22/2017 7:59:16 AM","0xedd8c505c808144f3fcace181cbc26f796b86b8d","0xfbb1b73c4f0bda4f67dca266ce6ef42f520fbb98","34184.2"
"0xc3c02dad762957bdb4eb679605b7690e4013a38805984e9b937b9b902c071023","4056777","1500710492","7/22/2017 8:01:32 AM","0x8f81085f33f91379b01069e64896a841f555ae8f","0xfbb1b73c4f0bda4f67dca266ce6ef42f520fbb98","1648.06590351"
"0x340c60df417df7f0733ce4b617313c36b37ac474befe251da0c36defdd9aac81","4056781","1500710576","7/22/2017 8:02:56 AM","0x3484f506abfe0cab05819c6afb3df8adccbfa3cd","0x1151314c646ce4e0efd76d1af4760ae66a9fe30f","216000"
"0xf688b6dbed8563ac6b76f5907c40af709ab43c760e39701e666501a63bdaa0ab","4056781","1500710576","7/22/2017 8:02:56 AM","0x1151314c646ce4e0efd76d1af4760ae66a9fe30f","0x8f81085f33f91379b01069e64896a841f555ae8f","1414.51767584"
"0x15e05868a5f7bbdb3b02af742666dd70c5e915b09f0fcc55922b8ed06f6a23dc","4056788","1500710640","7/22/2017 8:04:00 AM","0x1151314c646ce4e0efd76d1af4760ae66a9fe30f","0xf4b51b14b9ee30dc37ec970b50a486f37686e2a8","172499.58785"
"0x012b5af24189097193d47ff0f17b0072a8cc9058cb66331ef26847b14a6274f2","4056789","1500710656","7/22/2017 8:04:16 AM","0x8f81085f33f91379b01069e64896a841f555ae8f","0xfbb1b73c4f0bda4f67dca266ce6ef42f520fbb98","1414.51767584"
"0x4519500c4f127dd5220b3319b4b5f95998e8f69802c061cb54099a9a8caea470","4056794","1500710754","7/22/2017 8:05:54 AM","0xce9450f366bb61874f90484d05f30cc44c1d72dd","0x603848562af2752df7048f9fdd7a69d0cb40f2db","40000"
"0xea2a1e42da7620067ae315f2706ade580e372a2e40e4abff927291763f496dce","4056795","1500710760","7/22/2017 8:06:00 AM","0x1151314c646ce4e0efd76d1af4760ae66a9fe30f","0xf4b51b14b9ee30dc37ec970b50a486f37686e2a8","928.01207"
"0xf1ab55d792028f00675b9c59f94f0419e67b6cfc0022bf011b38abf350328e15","4056803","1500710909","7/22/2017 8:08:29 AM","0x1151314c646ce4e0efd76d1af4760ae66a9fe30f","0xf4b51b14b9ee30dc37ec970b50a486f37686e2a8","485.42138"
"0xf59be9bf0e592b5edc394d68cfa823940cda278d708648e790de5bf7a6a08fdf","4056806","1500711006","7/22/2017 8:10:06 AM","0xce9450f366bb61874f90484d05f30cc44c1d72dd","0xc9a84971ea70b211f86432dbfd4851bf22177abd","125000"
"0x9183053ffa85a6f1d625b1d381281ddbf9d6c255ace7372702b36bf4dcdc2d76","4056809","1500711056","7/22/2017 8:10:56 AM","0x1151314c646ce4e0efd76d1af4760ae66a9fe30f","0x8f81085f33f91379b01069e64896a841f555ae8f","3361.14538425"
"0x5991c2222aaa453facdcb843fc005bf4fd72c8e4285f4f496afff0912a207e81","4056812","1500711110","7/22/2017 8:11:50 AM","0xaba74c2bbedd2cc9fbf53faea49cf1080aeca487","0xbffb4c9d09ee921b65e25a4b87ea38084530c483","84298"
"0x04f42cfadc01d977c1ee80b2ca341600e94189b6f2d70847098e2b769f1b322e","4056821","1500711235","7/22/2017 8:13:55 AM","0x1151314c646ce4e0efd76d1af4760ae66a9fe30f","0x8f81085f33f91379b01069e64896a841f555ae8f","1908.64239093"
"0xc86362a152773be4c620411a821945bf53fea86aec6be92013bde290aab9cf84","4056827","1500711282","7/22/2017 8:14:42 AM","0x8f81085f33f91379b01069e64896a841f555ae8f","0xfbb1b73c4f0bda4f67dca266ce6ef42f520fbb98","5269.78777518"
"0x8d538d8ee700cd409e565649917636fec74ab6e997013b34e52d62417e0beca7","4056827","1500711282","7/22/2017 8:14:42 AM","0xbffb4c9d09ee921b65e25a4b87ea38084530c483","0xfbb1b73c4f0bda4f67dca266ce6ef42f520fbb98","84298"
"0x6c64af8abdf73a067fb952723b16d7f3f8928c7dca418e482c5eda19433fefaa","4056845","1500711602","7/22/2017 8:20:02 AM","0x1151314c646ce4e0efd76d1af4760ae66a9fe30f","0x8f81085f33f91379b01069e64896a841f555ae8f","1400.509828"
"0x4f334206189565cc7d3875fac89c9f624f694fddddc3da7c416c188d69db250b","4056851","1500711670","7/22/2017 8:21:10 AM","0x8f81085f33f91379b01069e64896a841f555ae8f","0xfbb1b73c4f0bda4f67dca266ce6ef42f520fbb98","1400.509828"
"0xcfa0ecc2ad8988865d04dd74d981ae7aa687221055822d0074f92703207a4ca9","4056862","1500711826","7/22/2017 8:23:46 AM","0x1151314c646ce4e0efd76d1af4760ae66a9fe30f","0x8f81085f33f91379b01069e64896a841f555ae8f","2228.81750655"
"0xe194064952001b4439f097064f9d8d1c94a10016b46fa021a7e7b33882384c06","4056867","1500711924","7/22/2017 8:25:24 AM","0x5e575279bf9f4acf0a130c186861454247394c06","0xea64fb9fba4289bc556a8da09eb97cab2ace964f","94.47923541"
"0xe183f8322e71ec72dd84fa81d9be60b28cb77a11b7be83d930dbf85fcf50714e","4056870","1500712016","7/22/2017 8:26:56 AM","0xfbb1b73c4f0bda4f67dca266ce6ef42f520fbb98","0x1efe182ddb9b82bfb3afa3614ed28e20232b8730","600.05677443"
"0x5721559eb6011c9742044f259c400d33a17e52a559c699d0a5ad7f014ffe781f","4056872","1500712048","7/22/2017 8:27:28 AM","0xfbb1b73c4f0bda4f67dca266ce6ef42f520fbb98","0xbc10c834ef1ec130e48070cc10a91687c78dbdd9","2679.2299971"
"0x900e9b69464a8387571e579700a77435be22615dfd96ac68ffe4aa81f2005b98","4056872","1500712048","7/22/2017 8:27:28 AM","0x1151314c646ce4e0efd76d1af4760ae66a9fe30f","0x8f81085f33f91379b01069e64896a841f555ae8f","4140.0633175"
"0x437c21603883fc7b86c2cecd9e9915bf4845dfd73f378490b010cd1d533e93fc","4056872","1500712048","7/22/2017 8:27:28 AM","0x8f81085f33f91379b01069e64896a841f555ae8f","0xfbb1b73c4f0bda4f67dca266ce6ef42f520fbb98","2228.81750655"
"0x4548f8875a6b3f58895126f7786aee6cc784bef93da6efea37f8b0fa092d89dd","4056878","1500712144","7/22/2017 8:29:04 AM","0xce9450f366bb61874f90484d05f30cc44c1d72dd","0x1921e3d8e32d84e05d4aaa2f805bb8538b7954bc","110000"
"0xac79409e4fde532dd8b4e9412c32ac27aa9d26d4ac8c1f01603c85f6df81ec5b","4056880","1500712197","7/22/2017 8:29:57 AM","0x1151314c646ce4e0efd76d1af4760ae66a9fe30f","0x8f81085f33f91379b01069e64896a841f555ae8f","6015.52502"
"0x0c39533d3a2c9424bbdba1dd6f96309c955c4f02456a9e104307e6cdf6230aee","4056883","1500712230","7/22/2017 8:30:30 AM","0x8f81085f33f91379b01069e64896a841f555ae8f","0xfbb1b73c4f0bda4f67dca266ce6ef42f520fbb98","10155.5883375"
"0xd8b60f36818a543885287423538fdfc406d3a6c42002ed513c9c953e4026937a","4056884","1500712244","7/22/2017 8:30:44 AM","0x1efe182ddb9b82bfb3afa3614ed28e20232b8730","0x5e575279bf9f4acf0a130c186861454247394c06","600.05677443"
"0xc35c85a8230ea18c3fe8bff55b4dc9040ec4e537e3712066ee1d75680c40e795","4056887","1500712322","7/22/2017 8:32:02 AM","0xfbb1b73c4f0bda4f67dca266ce6ef42f520fbb98","0x3d07c77c3478592a1640a1ff41a83396e74b2b68","299.99"
"0xc667d163a1c4289335ce1f285a958055a9313f3bd3c9a8e62b37dffa63b3980e","4056888","1500712352","7/22/2017 8:32:32 AM","0x8737305011408648c0c2fc6ff831d566fbaac483","0x854198ec4280e177984d60fdf672326d0aa427d2","487.94177"
"0x96c76c7939cc72ea89fd7e038bcb51d9e42249195c3402ecb333b15a73d56877","4056900","1500712653","7/22/2017 8:37:33 AM","0x3d07c77c3478592a1640a1ff41a83396e74b2b68","0x5e575279bf9f4acf0a130c186861454247394c06","299.99"
"0x9196aa9151ba918dc415d7847269677b5175c424dfd371e529d980046657ad0a","4056905","1500712789","7/22/2017 8:39:49 AM","0x29be16dd94d3f1ba9b8cc343579304f3f43dd168","0xe6b29a2708ee5c31227bd3f857b290c3f4ff06fb","1300"
"0xc34394325c9a147c9c7b4e441b19ad16e6efe5fa763633ed2391e495da918b6a","4056907","1500712797","7/22/2017 8:39:57 AM","0xfbb1b73c4f0bda4f67dca266ce6ef42f520fbb98","0x8047c5218b31b6ee7caa1e08b87941f0c929a5b8","5187.02"
"0xba52d07ab841224339970f18432a3ab2cad5d19cc5a57500bf25ba32a7d84c33","4056920","1500712962","7/22/2017 8:42:42 AM","0x1151314c646ce4e0efd76d1af4760ae66a9fe30f","0xe54862299a152e3affd7b00838d20e364568d842","4499.9"
"0xe2c61450542376e6fd0b03f442ceb506ee2ed34b742a61f67be0fa2a2f37f7ec","4056922","1500713040","7/22/2017 8:44:00 AM","0xe6b29a2708ee5c31227bd3f857b290c3f4ff06fb","0x8737305011408648c0c2fc6ff831d566fbaac483","1300"
"0x37bdffea65688f6b2413b17ba3568657ed2dcce0a27748557be83bdd0b34e2b1","4056923","1500713045","7/22/2017 8:44:05 AM","0xe54862299a152e3affd7b00838d20e364568d842","0x597b0ada3c32423eb9cab98de862fd99e60404b5","4500"
"0x6ce2bc9e5d92ea27244aabf9589c24f71b5a5f5800806f6560201d9e64485a9b","4056924","1500713056","7/22/2017 8:44:16 AM","0x8047c5218b31b6ee7caa1e08b87941f0c929a5b8","0x8737305011408648c0c2fc6ff831d566fbaac483","5187.02"
"0x4a7ba59ee79e74c444dafd816e84a362733114fd6cd1594602b9163a93735fbb","4056927","1500713140","7/22/2017 8:45:40 AM","0x6ca1b686e50851ea86636425653b088d8360532c","0x48ebb069b10b6091ec950e6e93c23cc731ee1b52","10000"
"0xf9e6dffc62f0058756c6c6a930a8fdcbd3a569fa8243469ac328f6e3e5255575","4056939","1500713328","7/22/2017 8:48:48 AM","0x1151314c646ce4e0efd76d1af4760ae66a9fe30f","0x8f81085f33f91379b01069e64896a841f555ae8f","2786.66228101"
"0x2fa9e1d8ce3d6c491872ca80cd384ef18b2084d6210f3a77241ef5b879f4e5e0","4056943","1500713512","7/22/2017 8:51:52 AM","0x597b0ada3c32423eb9cab98de862fd99e60404b5","0x8737305011408648c0c2fc6ff831d566fbaac483","4500"
"0x70c23c760f649d234f9d8bfb8988d9fd602bfbfed840d85bab16e2409cc700b1","4056943","1500713512","7/22/2017 8:51:52 AM","0x8737305011408648c0c2fc6ff831d566fbaac483","0x822fa956ad26e710604e6df68da264e14d844c00","3988"
"0xe05cc1bfaeba83255c969b1e4a01cd27f8663e60f5afeefa0f2aa0813485a052","4056943","1500713512","7/22/2017 8:51:52 AM","0xce9450f366bb61874f90484d05f30cc44c1d72dd","0x83585b3207b76cbfc85df76683bf38225910acc2","25000"
"0xe896e8381f0f11e08357462cc53187755352830fe716fd4923c728ad0d36b46d","4056943","1500713512","7/22/2017 8:51:52 AM","0x8737305011408648c0c2fc6ff831d566fbaac483","0xd3512ac47617ed8d5d2940bbead370fcffa91455","1994"
"0xc7c4cf11696e1801be603d7eff91cc30ff96a53a74133c1cf076f56fa11865ae","4056943","1500713512","7/22/2017 8:51:52 AM","0x8737305011408648c0c2fc6ff831d566fbaac483","0xf07b1057cf895a8700228afefc74b153dc9063cd","4292.3563834"
"0xc19315356dca7f116927811fdf6555a5fdf5666c2158650ce7b479151d2a34e3","4056943","1500713512","7/22/2017 8:51:52 AM","0x8737305011408648c0c2fc6ff831d566fbaac483","0xd3512ac47617ed8d5d2940bbead370fcffa91455","2991"
"0x4558097b1224028bb292aa8b6dd67b46a8107f4350a7bf2f275ac0b04f510882","4056946","1500713565","7/22/2017 8:52:45 AM","0x8737305011408648c0c2fc6ff831d566fbaac483","0x1016fea904349056754edc2b1519b22e0b3d2ad8","2994.988"
"0x8a38dcf973c49bbb2f533bf58b3af74d90fab822ade0cb314f3d97fab5e1fc95","4056950","1500713611","7/22/2017 8:53:31 AM","0x8737305011408648c0c2fc6ff831d566fbaac483","0x1016fea904349056754edc2b1519b22e0b3d2ad8","2991"
"0xa4b03b574bb980902d3197054696d5f15556b397552ba1b9ca75dc44b3774d34","4056950","1500713611","7/22/2017 8:53:31 AM","0x48ebb069b10b6091ec950e6e93c23cc731ee1b52","0x8737305011408648c0c2fc6ff831d566fbaac483","10000"
"0x9d178a44c3159c53f39bfc7fcfdf4feb7d6e52a3d559dbbbefd2560771ac3428","4056950","1500713611","7/22/2017 8:53:31 AM","0x8737305011408648c0c2fc6ff831d566fbaac483","0x9d7a26602377e26310241d78ec4eb151f96b0777","1061.805"
"0xb6939e6bd19cbd059400b169765fb6a684e60d7d20774f18bbce67078400838e","4056951","1500713619","7/22/2017 8:53:39 AM","0x8737305011408648c0c2fc6ff831d566fbaac483","0xd3512ac47617ed8d5d2940bbead370fcffa91455","1651.032"
"0x14098b77bce7d30c373c1bc34df8edec2be7a6f47a0a0acc1d68c65505e8c76e","4056953","1500713680","7/22/2017 8:54:40 AM","0x8737305011408648c0c2fc6ff831d566fbaac483","0xd3512ac47617ed8d5d2940bbead370fcffa91455","1651.032"
"0xc114934be966c66bdef1c5ae3774354d47ea8acebbef9b793cf069ab3b5acc39","4056953","1500713680","7/22/2017 8:54:40 AM","0xfbb1b73c4f0bda4f67dca266ce6ef42f520fbb98","0x8047c5218b31b6ee7caa1e08b87941f0c929a5b8","5186.992735"
"0x37f5e867d2a27a28b3269b89de70005ced1bc1ebedfc99c280e2eb2113f9642a","4056955","1500713785","7/22/2017 8:56:25 AM","0x8f81085f33f91379b01069e64896a841f555ae8f","0xfbb1b73c4f0bda4f67dca266ce6ef42f520fbb98","2786.66228101"
"0x60f67c62ac6797a756776951c7fcb34f09e6b42d2e009a41d00f16f63bbcbd0d","4056957","1500713825","7/22/2017 8:57:05 AM","0x5e575279bf9f4acf0a130c186861454247394c06","0x4e89da06450c6bda309c643a737825a505562552","1168.4728"
"0x22550adddf9d1353979d62c801eec3f0ee6ddd200bbe20ea9eb25affb45edcc7","4056971","1500714093","7/22/2017 9:01:33 AM","0x8047c5218b31b6ee7caa1e08b87941f0c929a5b8","0x8737305011408648c0c2fc6ff831d566fbaac483","5186.992735"
"0x0dccc808e00da9dac1fbb7e0b016d88d2fa57c2ea31b0f807fb09d363796fa46","4056980","1500714251","7/22/2017 9:04:11 AM","0xfbb1b73c4f0bda4f67dca266ce6ef42f520fbb98","0x1efe182ddb9b82bfb3afa3614ed28e20232b8730","600.04677443"
"0x60b1f6d1e500705dca4b7fcaf169751bc68155bf64648717b6a4fae8c0620ace","4056986","1500714381","7/22/2017 9:06:21 AM","0xfbb1b73c4f0bda4f67dca266ce6ef42f520fbb98","0xd7a1cf3df625882855e1c6c4d3fc34338568d8d3","1"
"0x471661972b69b3ab9c16b85893e168f9252a5e1b93f329c2779041bf9e0e7ebb","4056994","1500714515","7/22/2017 9:08:35 AM","0x1efe182ddb9b82bfb3afa3614ed28e20232b8730","0x5e575279bf9f4acf0a130c186861454247394c06","600.04677443"
"0xf4fb9203afde94d4afb306756bd48fff1a514f668ee726d9641664834abc7920","4057002","1500714603","7/22/2017 9:10:03 AM","0x8737305011408648c0c2fc6ff831d566fbaac483","0xaab4cf9484de0d81ec8b704be1250668cbdcd0b1","9970"
"0x3ca3abc22fe7ad8917ebb5ae08684fc89c640c63e4ea3b23727fe2a6a95f5e46","4057012","1500714742","7/22/2017 9:12:22 AM","0xfbb1b73c4f0bda4f67dca266ce6ef42f520fbb98","0xd7a1cf3df625882855e1c6c4d3fc34338568d8d3","600"
"0x1f7e13d35f792e6d919e73916df702ef94282e99a1c766c2ab0b90d53b31be49","4057015","1500714786","7/22/2017 9:13:06 AM","0x1151314c646ce4e0efd76d1af4760ae66a9fe30f","0xe54862299a152e3affd7b00838d20e364568d842","6548.5"
"0x484e28f926e94e069f5a5a15bb67981e8aac717b4d1c3aedb6f7a7f5c523cf2f","4057020","1500714871","7/22/2017 9:14:31 AM","0x8737305011408648c0c2fc6ff831d566fbaac483","0xcfd0f8dcfaf2be2650e6e83ba6e1b77f3dadf05a","618.14929204"
"0x9309573d2b1f3ebb33a62bff7be564a6e6326805c15902f5f8dd85c4ab61d43a","4057022","1500714888","7/22/2017 9:14:48 AM","0x1151314c646ce4e0efd76d1af4760ae66a9fe30f","0xbd4bfedd09dfec641fae884012bf3891b31541c7","997.06"
"0x385940183c1144a04ab3a600a9fae44b69b15a35f68db2e555635bf315bfa831","4057023","1500714946","7/22/2017 9:15:46 AM","0x5dd2f00b4e50e1d138935d323dbf189b31177e8d","0xe8aaed37e17606c0532d39b02d96e584609256a1","100"
"0xc32f6fefbf44b87145c3be636b94d064fa0559da4a60390c9883ebf103e1ad86","4057031","1500715173","7/22/2017 9:19:33 AM","0x1151314c646ce4e0efd76d1af4760ae66a9fe30f","0x8f81085f33f91379b01069e64896a841f555ae8f","3741.53772413"
"0xcb2da6cdda7ab8d2ac12493f24ba34cc1ec6f55d22e981fa15e763c80eea4cbf","4057033","1500715215","7/22/2017 9:20:15 AM","0x1151314c646ce4e0efd76d1af4760ae66a9fe30f","0xbecf8a18fbdf395405f63aab8b44fee939de5f31","2.9"
"0x09e42e366d85bd27fe2d99d04f1eefed3645387323a9092e96d7f01b5fee1667","4057041","1500715311","7/22/2017 9:21:51 AM","0x1151314c646ce4e0efd76d1af4760ae66a9fe30f","0x8f81085f33f91379b01069e64896a841f555ae8f","2406.06933337"
"0x3d06da3fb68c16b9188068616bb103656b37489b7638dd6b4e4cfd78c35cd731","4057044","1500715357","7/22/2017 9:22:37 AM","0xe8aaed37e17606c0532d39b02d96e584609256a1","0x8737305011408648c0c2fc6ff831d566fbaac483","100"
"0xf3b54452a5352bf0390988beb7214a4c9e7025ccc66366abb0f27cf25b541f3f","4057046","1500715408","7/22/2017 9:23:28 AM","0x8f81085f33f91379b01069e64896a841f555ae8f","0xfbb1b73c4f0bda4f67dca266ce6ef42f520fbb98","6147.6070575"
"0xfc861096aba6803c9a96edb1ae55320841bf8f087382cb0716b39982ca309a1f","4057046","1500715408","7/22/2017 9:23:28 AM","0xbecf8a18fbdf395405f63aab8b44fee939de5f31","0xfbb1b73c4f0bda4f67dca266ce6ef42f520fbb98","2.9"
"0x05593e160ece637dbe9797fb12396b2d1936bc35dc60bc2d040d63728de740fe","4057049","1500715459","7/22/2017 9:24:19 AM","0xfbb1b73c4f0bda4f67dca266ce6ef42f520fbb98","0x6cd9a96a155edeb492e5f6f4e58b867eac0d8da2","4055.52968085"
"0xbe85de88f62a74b486501e3414d4d113255a5cc7da9eed11a991a5c68a7bb060","4057049","1500715459","7/22/2017 9:24:19 AM","0xfbb1b73c4f0bda4f67dca266ce6ef42f520fbb98","0x1016fea904349056754edc2b1519b22e0b3d2ad8","3559.99"
"0x17c2694469a852739f110ef9a05e4ac3fde381214498f4a27e23e4dc64aa2212","4057056","1500715533","7/22/2017 9:25:33 AM","0x8d12a197cb00d4747a1fe03395095ce2a5cc6819","0x8be9b4fc633014f520db96c4b75de38954ce6802","56.256"
"0x3cbdf589e4a39f0adab792c8473c3c9a9102b7c335bba29fa16edf3b90d52a1c","4057058","1500715545","7/22/2017 9:25:45 AM","0x1151314c646ce4e0efd76d1af4760ae66a9fe30f","0xd7a1cf3df625882855e1c6c4d3fc34338568d8d3","3"
"0x22516591b284df00c2e1665a5be365259264e26a8a9fb984ac5c5d5b54269c45","4057065","1500715660","7/22/2017 9:27:40 AM","0x8be9b4fc633014f520db96c4b75de38954ce6802","0x7a04be905024b7273978ea5c91ee73f5967f7ab5","56.256"
"0xf8b76c8c5a9bbe71700e78a9b47cacffa7432116047d4b36000821d6c41e0030","4057068","1500715722","7/22/2017 9:28:42 AM","0x6cd9a96a155edeb492e5f6f4e58b867eac0d8da2","0x8737305011408648c0c2fc6ff831d566fbaac483","4055.52968085"
"0x0b00c5ce24c0eade821d907b8f05530f699743030eb03bdb38df2cb7ff6e90be","4057072","1500715851","7/22/2017 9:30:51 AM","0x7a04be905024b7273978ea5c91ee73f5967f7ab5","0xfbb1b73c4f0bda4f67dca266ce6ef42f520fbb98","56.256"
"0x03527df100fa277b1c86dd567878dd0ec38783a81831065d9224f9fa17ed5f41","4057091","1500716088","7/22/2017 9:34:48 AM","0x1151314c646ce4e0efd76d1af4760ae66a9fe30f","0xedd8c505c808144f3fcace181cbc26f796b86b8d","16688.9"
"0xc06748a403c647ea1f5f947eb245ed030f0faab5d2bb46e2079ccca7147f8537","4057091","1500716088","7/22/2017 9:34:48 AM","0x1151314c646ce4e0efd76d1af4760ae66a9fe30f","0x6cd9a96a155edeb492e5f6f4e58b867eac0d8da2","36.9"
"0xe786573c5a56aac938b6d53c782b2907196e782c156087108b0d3b7485e728a5","4057098","1500716175","7/22/2017 9:36:15 AM","0xedd8c505c808144f3fcace181cbc26f796b86b8d","0xfbb1b73c4f0bda4f67dca266ce6ef42f520fbb98","16688.9"
"0xc91dc8258b9804a299bca90ccddd12430ade0b62cbc318ca3ebec58cb7999b82","4057098","1500716175","7/22/2017 9:36:15 AM","0x1151314c646ce4e0efd76d1af4760ae66a9fe30f","0x6d3102777fc16af92cc091440e39975693282215","14.53478603"
"0x72768190a653fec7bd854bc27443af1e132a96f346a091bf379a24b27a08e84b","4057100","1500716205","7/22/2017 9:36:45 AM","0x1151314c646ce4e0efd76d1af4760ae66a9fe30f","0xd7a1cf3df625882855e1c6c4d3fc34338568d8d3","1322.21428"
"0xe555c9c7d0525b640ee7f99287f018246ad39a5c91f03602c45b6f93dbf43f01","4057106","1500716327","7/22/2017 9:38:47 AM","0x6d3102777fc16af92cc091440e39975693282215","0xfbb1b73c4f0bda4f67dca266ce6ef42f520fbb98","14.53478603"
"0xf0b1ec7eb4e8b703b5ee55949dd4537a0bbd9b783f09ae7075f2d5340b9a5e8d","4057106","1500716327","7/22/2017 9:38:47 AM","0x6cd9a96a155edeb492e5f6f4e58b867eac0d8da2","0x8737305011408648c0c2fc6ff831d566fbaac483","36.9"
"0xda90290355c77a6764ad83307dfbbdffbd1bba48f1a4bdb27aa7a1c7f17f58dd","4057119","1500716577","7/22/2017 9:42:57 AM","0x1151314c646ce4e0efd76d1af4760ae66a9fe30f","0x1069f365bb928e26040d6e5ec765f7ea112fa677","878.00334914"
"0x00dc196e5f72bb8d9f49c0e1f8fb5342a6a0ed23b17c0a5e44850d6fea9ebd2b","4057122","1500716610","7/22/2017 9:43:30 AM","0x783bebbbe18d5f7d77b68996d5b20a50e9739043","0x0ac8a787390b53735501192e0d15eedd93a23278","2933.406"
"0xafac49c54b0c4d82f7f727f39f7904b1e6bf0a6298b7bc6a773c39c50c37e56c","4057123","1500716684","7/22/2017 9:44:44 AM","0x1151314c646ce4e0efd76d1af4760ae66a9fe30f","0x4c028b5b37f5f66b3bb5845de78ebf6085e745a3","97.9"
"0xd0d9ddc1efe8ef218e845b50a34834f8d878c5320a612e5ec6b449d94453d1f0","4057128","1500716783","7/22/2017 9:46:23 AM","0x1151314c646ce4e0efd76d1af4760ae66a9fe30f","0xbecf8a18fbdf395405f63aab8b44fee939de5f31","3950.93"
"0x0583da20f632ea6b06efeefbddff1e7b3a700818cc178788a0bb442bea516583","4057136","1500716836","7/22/2017 9:47:16 AM","0x1069f365bb928e26040d6e5ec765f7ea112fa677","0x8737305011408648c0c2fc6ff831d566fbaac483","878.00334914"
"0xa032102c57c10b818ac61859a202e415634ed0ca0477a1c2bcb9245e97c62f66","4057136","1500716836","7/22/2017 9:47:16 AM","0x2ebb507b1da5b2619515d542a8af27b0747a6bc2","0xb4fb5b60b46dfcd9a2cddced0017502691e6330e","2429.8805"
"0x1e6862ab2e5c836da90cd9c4a9b3945bb15044a618943c4a99d292aff0c89b1d","4057138","1500716876","7/22/2017 9:47:56 AM","0xbecf8a18fbdf395405f63aab8b44fee939de5f31","0xfbb1b73c4f0bda4f67dca266ce6ef42f520fbb98","3950.93"
"0x1214048d734fd7bb6b05126e8c52746e637e3001499e98dae88581a30f8a2826","4057140","1500716917","7/22/2017 9:48:37 AM","0x4c028b5b37f5f66b3bb5845de78ebf6085e745a3","0x8737305011408648c0c2fc6ff831d566fbaac483","97.9"
"0x009177a85e413ff190643bc434274ea791aa9127ee2c7271f8ffb139038ecde6","4057142","1500716945","7/22/2017 9:49:05 AM","0x783bebbbe18d5f7d77b68996d5b20a50e9739043","0x794109920ffd5e9469291fe42e36ad1e7aa30c0e","977.802"
"0xf75db17654c0bb563d3e3a69f5d5817e9b3447b01c9518e1ef86097e19f68997","4057145","1500716958","7/22/2017 9:49:18 AM","0xe54862299a152e3affd7b00838d20e364568d842","0x597b0ada3c32423eb9cab98de862fd99e60404b5","6548.9529"
"0x7f7584d67caf9319a77cf73b644997a4d83679ae33802c9aeb0e49d8bb788941","4057148","1500717034","7/22/2017 9:50:34 AM","0xfbb1b73c4f0bda4f67dca266ce6ef42f520fbb98","0xd993f766b67bbdcb641f4c5bc0b030cebeb19747","98.27839"
"0x3e0b11989df570b6205c8ede233d713a277e768e0c4105b7e2ed0cb5e4acbb89","4057148","1500717034","7/22/2017 9:50:34 AM","0xfbb1b73c4f0bda4f67dca266ce6ef42f520fbb98","0x8047c5218b31b6ee7caa1e08b87941f0c929a5b8","4799.01175874"
"0x14e69e1ae47180a935f8732bbdb4e456f1171a1f0cb5513a5ce2a5337d67fbce","4057161","1500717257","7/22/2017 9:54:17 AM","0x597b0ada3c32423eb9cab98de862fd99e60404b5","0x8737305011408648c0c2fc6ff831d566fbaac483","6548.9529"
"0x37ba09e5f04a052c156a260a2f3d8d1b8ba102b0be44ed8d50a7183bf4710d2b","4057169","1500717341","7/22/2017 9:55:41 AM","0x8047c5218b31b6ee7caa1e08b87941f0c929a5b8","0x8737305011408648c0c2fc6ff831d566fbaac483","4799.01175874"
"0xf443e61d3f5a2585dee856032e456f5fe7a02793c262bc02cce6b824ddf72031","4057171","1500717386","7/22/2017 9:56:26 AM","0xd993f766b67bbdcb641f4c5bc0b030cebeb19747","0x8737305011408648c0c2fc6ff831d566fbaac483","98.27839"
"0x82fd5670171ee053f59385f002bb15fe8e5c84cbeb1b003352ff0e5fefedcef6","4057185","1500717565","7/22/2017 9:59:25 AM","0xc7f440d4c45c1ce7a295c788d9cbea9ff627cf8a","0xedd0b8f01280a6a844c3f25de2ad8262bf96fc9d","369"
"0x5fd62008c79d08c6112778c038ab11fd38ed3de6282dd3bce99f7970950c4ad4","4057200","1500717751","7/22/2017 10:02:31 AM","0xfa9a82b57940f960098ed865e7a22586778e9cec","0x57581deedc5a35ee8bdecb849b0eb547e9d53411","39281.79"
"0xf6c8f612a2f2d12caed4ca8cdfbb10789091f3b3879e9391ef2b61694aa7b2ab","4057207","1500717922","7/22/2017 10:05:22 AM","0xedd0b8f01280a6a844c3f25de2ad8262bf96fc9d","0x8737305011408648c0c2fc6ff831d566fbaac483","369"
"0xef1624293374b7a6dce9fd8ef1891f6fc30574d8c593b3a704b2faeb1c9d4ee4","4057213","1500718026","7/22/2017 10:07:06 AM","0x1921e3d8e32d84e05d4aaa2f805bb8538b7954bc","0xddec3a4748e80579679dd9fec34f2b657cb835cf","25000"
"0xe811226063b61159e23f252132a24d0bacf65608b4f09d4edc43b2a63998a882","4057217","1500718154","7/22/2017 10:09:14 AM","0xfbb1b73c4f0bda4f67dca266ce6ef42f520fbb98","0x8047c5218b31b6ee7caa1e08b87941f0c929a5b8","5185.99"
"0x962e48443e5954a4b42b6f59ac885dc81739e31ccfb3b7049cbe6021f11441cc","4057217","1500718154","7/22/2017 10:09:14 AM","0x57581deedc5a35ee8bdecb849b0eb547e9d53411","0x8737305011408648c0c2fc6ff831d566fbaac483","39281.79"
"0xedac83b5da5dac2aaff8962d184d6eb6645d9dcd4b3416da14069f6567698822","4057225","1500718311","7/22/2017 10:11:51 AM","0x1921e3d8e32d84e05d4aaa2f805bb8538b7954bc","0xe8a4c87e1a543fedfe274feca435eb5b0ed584fd","5000"
"0x26d166dcfdb164f8fe5bcd7fbe611f70b35a97fa1f93979a1325a2173cd74cf1","4057233","1500718477","7/22/2017 10:14:37 AM","0x8047c5218b31b6ee7caa1e08b87941f0c929a5b8","0x8737305011408648c0c2fc6ff831d566fbaac483","5185.99"
"0x9ec1f59b05435a25ee1d8e415709b4a9591eefd9a3e23d8a894d534a85a3ca47","4057238","1500718558","7/22/2017 10:15:58 AM","0x1151314c646ce4e0efd76d1af4760ae66a9fe30f","0x8f81085f33f91379b01069e64896a841f555ae8f","3330.05129202"
"0x517ac955162ed0a1a56a9101b8c31f0449073b2bf3808bd3474498df4025827c","4057242","1500718651","7/22/2017 10:17:31 AM","0x8f81085f33f91379b01069e64896a841f555ae8f","0xfbb1b73c4f0bda4f67dca266ce6ef42f520fbb98","3330.05129202"
"0x60d54ef5cac2652769b7da9b935803ee35c5229fa235ea50e067964402b9999f","4057243","1500718681","7/22/2017 10:18:01 AM","0x1151314c646ce4e0efd76d1af4760ae66a9fe30f","0x8f81085f33f91379b01069e64896a841f555ae8f","4414.87043271"
"0x309822f4771ab0951c22ea38ed878cf4ebd706e8e01fcf64949b8f8cb98b2cad","4057248","1500718793","7/22/2017 10:19:53 AM","0x8f81085f33f91379b01069e64896a841f555ae8f","0xfbb1b73c4f0bda4f67dca266ce6ef42f520fbb98","4414.87043271"
"0x1ffef35c43d6aefb7000453e6cb44860dbb39e18096859a5e433bb7cfd7121c7","4057257","1500719020","7/22/2017 10:23:40 AM","0x2ebb507b1da5b2619515d542a8af27b0747a6bc2","0xbd7f4c9cd74de8f37eda3e5a5fe878b2b9aad3b0","6465.044"
"0x4602faaf3558bb0d6cca3361fc210b24df3a16212cd866114dbd6dfbfe02d7b7","4057265","1500719193","7/22/2017 10:26:33 AM","0x61908616421887e48880917ada7191a2ed4ee31c","0x6922bf77bb820c82da56aa082944d788f3e124e4","984.89"
"0x289c6474f6aeb9878b9872ad27b7d66b29b545acad02837799b65dbb9fe070e1","4057267","1500719301","7/22/2017 10:28:21 AM","0x8d12a197cb00d4747a1fe03395095ce2a5cc6819","0x0248d0c89a5a43e7daf9380027c9588964290419","145.498"
"0x0585c97f9317e315bdfd9717a268195b26258db8943479861c87ff1ae135b7fc","4057267","1500719301","7/22/2017 10:28:21 AM","0x1151314c646ce4e0efd76d1af4760ae66a9fe30f","0x8f81085f33f91379b01069e64896a841f555ae8f","2234.5381248"
"0x45100219c572d81c551d3d911fde57f4c31012b9fd39c15bd13b086443a67e0d","4057269","1500719347","7/22/2017 10:29:07 AM","0x47a541f1dbe74eed150acba375a0f58ca53da1b4","0x9a4ce9e52dce82782b9f2a5798655436a03863a9","1999"
"0x11bf2c82e80cc909755f60dd017590ca5deeb41b17b7b437ddcf6f2ffffc8bb0","4057280","1500719434","7/22/2017 10:30:34 AM","0x8f81085f33f91379b01069e64896a841f555ae8f","0xfbb1b73c4f0bda4f67dca266ce6ef42f520fbb98","2234.5381248"
"0xf34a3257136499496b959c9cb87a6def90fb9d245a9ed4b126cb8b079de3d751","4057283","1500719504","7/22/2017 10:31:44 AM","0x0248d0c89a5a43e7daf9380027c9588964290419","0x00aadc5a01edeeebdfc3733b3755cff81160ca06","145"
"0x5c6d2b06cb69b03d215f62924ba88244067b25a52b6c68bf2a45502a9d60e75f","4057286","1500719561","7/22/2017 10:32:41 AM","0x6922bf77bb820c82da56aa082944d788f3e124e4","0x8737305011408648c0c2fc6ff831d566fbaac483","984.89"
"0x87243ea601acc81d9d4a012ec182bc09d9cdde28182da4c57d1d8914b98053f2","4057289","1500719596","7/22/2017 10:33:16 AM","0x9a4ce9e52dce82782b9f2a5798655436a03863a9","0x8737305011408648c0c2fc6ff831d566fbaac483","1999"
"0x694250c5aec2c0030d94e5a7de51feed2c137d06885c231a138d5e4bb0d76bb4","4057296","1500719711","7/22/2017 10:35:11 AM","0x4fa3ebaafddb6d185294f2772c4dfb648488451c","0x6dd9af0b0bbdbecaec391b5a38c6bc6afcc84d2f","2537.16923077"
"0xeed6d62411b6c9169249599409756fb7b674635c7f1c2bd843aee65c666ad898","4057298","1500719748","7/22/2017 10:35:48 AM","0x1151314c646ce4e0efd76d1af4760ae66a9fe30f","0x8f81085f33f91379b01069e64896a841f555ae8f","6481.86769708"
"0x618e1c522c8dea6aa45dc73d26c9a05aba7766eee0b0eb23d3416a1de51f5593","4057302","1500719822","7/22/2017 10:37:02 AM","0xfbb1b73c4f0bda4f67dca266ce6ef42f520fbb98","0xf7e6a7a19020e8d575a2bf02247349f804425956","9.99"
"0x368892cad1ab15ea6519398ae92a9579d5475ba26c880feba3a222b97e1716a5","4057305","1500719883","7/22/2017 10:38:03 AM","0x8f81085f33f91379b01069e64896a841f555ae8f","0xfbb1b73c4f0bda4f67dca266ce6ef42f520fbb98","6481.86769708"
"0x21c94822218d754662448a163d52d1095bba324bde840c98b8ee0b79d22ae3f7","4057309","1500719957","7/22/2017 10:39:17 AM","0xfbb1b73c4f0bda4f67dca266ce6ef42f520fbb98","0xf7e6a7a19020e8d575a2bf02247349f804425956","354.40018522"
"0x9f1cccc961361bdad19ffdc2c74a8735b12be43c7e63fd49e7df00e6c5cfbeff","4057314","1500720007","7/22/2017 10:40:07 AM","0x6dd9af0b0bbdbecaec391b5a38c6bc6afcc84d2f","0x1151314c646ce4e0efd76d1af4760ae66a9fe30f","2537.16923077"
"0x9688ae6070f6707e0851fd9d8340999ace885260e0e352d0bad941ddd14820a1","4057319","1500720061","7/22/2017 10:41:01 AM","0xfbb1b73c4f0bda4f67dca266ce6ef42f520fbb98","0x4b4863bf0299ea0bc161ee56b1ad20243792ad5d","9.99"
"0x576a798d664e0854490a87dbd7259a3dfcfcc9d1aef503e5cd97c3563d6d90b5","4057319","1500720061","7/22/2017 10:41:01 AM","0xfbb1b73c4f0bda4f67dca266ce6ef42f520fbb98","0x4fd5cab42272b27c43410d7ff3b8632af02bfc96","2170.60821038"
"0x134597fb90169d24747a902dcc780b52739e03cef8eecf3aa8256636bec0a0d5","4057327","1500720168","7/22/2017 10:42:48 AM","0x5e575279bf9f4acf0a130c186861454247394c06","0x1aff572cb2da1d58662b44ca0d6494caebde0e12","329.03497869"
"0x19b5031944231012c7b80005a27202348ad40fde39c2c8a83951a2f2c2bd6e39","4057328","1500720208","7/22/2017 10:43:28 AM","0xfbb1b73c4f0bda4f67dca266ce6ef42f520fbb98","0x4fd5cab42272b27c43410d7ff3b8632af02bfc96","1149.99"
"0xb2bd48ecaba3d831d9f63df4cfd7001a6b5c2ac510609c9c240f4c724882a56c","4057329","1500720238","7/22/2017 10:43:58 AM","0x5e575279bf9f4acf0a130c186861454247394c06","0xb5a378c1fd1f31f1077c89f448dee3488d81669d","4316.50950368"
"0xd95a4fb8080f3b778b714e76eff1a9a37dbe0a5febe92a548f925213586e73f7","4057329","1500720238","7/22/2017 10:43:58 AM","0xac50802b868d1efcecf00a03f7cedd78f8d17ec3","0x0cde2be2239f080e1bad314b7c7c92d4f879a725","208.697"
"0x5217baf18f2f6c2707a7e528d47c5127554907a3ba801ff738d9cdfa89a16122","4057332","1500720311","7/22/2017 10:45:11 AM","0xfbb1b73c4f0bda4f67dca266ce6ef42f520fbb98","0xa7a8182ae791cfdf3c134c21110cd4b4a3f2a935","1999.99"
"0x19ef54059ca9e83f1347b708adcb15f4c3cc5bd217eb2593aabf5313ba0479bd","4057333","1500720321","7/22/2017 10:45:21 AM","0x1aff572cb2da1d58662b44ca0d6494caebde0e12","0xfbb1b73c4f0bda4f67dca266ce6ef42f520fbb98","329.03497869"
"0xee60ed7fcffc35a40ec4ab77f9d8b3785da7271ada869c37286000200f129fca","4057336","1500720346","7/22/2017 10:45:46 AM","0x1151314c646ce4e0efd76d1af4760ae66a9fe30f","0x4c028b5b37f5f66b3bb5845de78ebf6085e745a3","798.9"
"0x4d01dfa836e200abb93bb3b1b9fe8d82227f092b336b219be2dc8c031f7477ac","4057347","1500720478","7/22/2017 10:47:58 AM","0x4fd5cab42272b27c43410d7ff3b8632af02bfc96","0x8737305011408648c0c2fc6ff831d566fbaac483","3320.59821038"
"0x312f3efd16481f6d2f132c7219d00ed1d97db13b4d86f5060c53175310b209e2","4057347","1500720478","7/22/2017 10:47:58 AM","0x4b4863bf0299ea0bc161ee56b1ad20243792ad5d","0x8737305011408648c0c2fc6ff831d566fbaac483","9.99"
"0x37558cff02306f46fd706b9580aef6644de684a4d9fa96b6568b27a43afec054","4057350","1500720499","7/22/2017 10:48:19 AM","0xa7a8182ae791cfdf3c134c21110cd4b4a3f2a935","0x8737305011408648c0c2fc6ff831d566fbaac483","1999.99"
"0x6b1a101d15ccba3f3df9a78f5570304306c8788d5e86729f9aef3f03ed039123","4057353","1500720548","7/22/2017 10:49:08 AM","0x92506dbc4655af7d3a036cb7e5e0372aadc98d62","0xc0d29cf1f3d2e759e95ea854c06e7aa3de353b11","500"
"0x6e1b961a4adddda445261a79c3de7968f54a6d7475f92713891425644718a257","4057354","1500720565","7/22/2017 10:49:25 AM","0x4c028b5b37f5f66b3bb5845de78ebf6085e745a3","0x8737305011408648c0c2fc6ff831d566fbaac483","798.9"
"0x2d7b6ebc366be9da23659b0dbc376de0130d261cc54260374747c15bce40b9a6","4057358","1500720679","7/22/2017 10:51:19 AM","0xfbb1b73c4f0bda4f67dca266ce6ef42f520fbb98","0x4b4863bf0299ea0bc161ee56b1ad20243792ad5d","906.46222389"
"0x3d5e1c242870d4612b988c0d3a43cb3877c647c9a1e5f9864e2846ced6eb4d41","4057366","1500720797","7/22/2017 10:53:17 AM","0xfbb1b73c4f0bda4f67dca266ce6ef42f520fbb98","0xbc10c834ef1ec130e48070cc10a91687c78dbdd9","2431.98556617"
"0x283a01a3ec2a927f5f0d4cd0b21fa71bd60983d3af34a1b6188b9dad23096acb","4057367","1500720803","7/22/2017 10:53:23 AM","0x019653d400f9ed465abe650a8a5c6888e14efb26","0x7e62dc2bda938a574f33e16123e90e97973ab73e","3586.727"
"0x6f45dac118c22a4f83a69599e45c4adcab73d9892daadda26b270e5f59abd9c9","4057375","1500720902","7/22/2017 10:55:02 AM","0xfbb1b73c4f0bda4f67dca266ce6ef42f520fbb98","0x95f246c5272273fded45daa65503a999efdf9498","3399.99"
"0xa72c8f3728da5d998ebfeb9cb7ccb42de1b0d7a1e641b24949b14fe6e171a511","4057376","1500721011","7/22/2017 10:56:51 AM","0x7e62dc2bda938a574f33e16123e90e97973ab73e","0xfbb1b73c4f0bda4f67dca266ce6ef42f520fbb98","3586.727"
"0xd179d9b885156ad360fe5a992afa16775803f168f560fd800707f45af1e55e53","4057381","1500721053","7/22/2017 10:57:33 AM","0x4b4863bf0299ea0bc161ee56b1ad20243792ad5d","0x8737305011408648c0c2fc6ff831d566fbaac483","906.46222389"
"0x8b64ba67676bd7a0f87210a70e3e6087f606fcb32a715a1fae439716c3394c1d","4057388","1500721290","7/22/2017 11:01:30 AM","0x1151314c646ce4e0efd76d1af4760ae66a9fe30f","0x8f81085f33f91379b01069e64896a841f555ae8f","1506.30860371"
"0xd0eeb6820597ba16c3ddba937dea4dde075c1a7d2a28a5a3093b83cea512a8ed","4057391","1500721453","7/22/2017 11:04:13 AM","0xff0cb0351a356ad16987e5809a8daaaf34f5adbe","0xe92589d661be00e7520e68fccfc0668fa4629a9e","267000"
"0x6a7297e61285833a0de87c2699c52e3e9ec41c40c414a5a887e25d3c3aa94c3f","4057396","1500721565","7/22/2017 11:06:05 AM","0x8f81085f33f91379b01069e64896a841f555ae8f","0xfbb1b73c4f0bda4f67dca266ce6ef42f520fbb98","1506.30860371"
"0xf203991299c80c912a0352ee1b8591ee92684ba242a418a0113796e8f7ee5e38","4057396","1500721565","7/22/2017 11:06:05 AM","0x8737305011408648c0c2fc6ff831d566fbaac483","0x29635cc79c91f99b702eedb2c2e7cbd6e6e86c02","101.694"
"0x6aa1c4face2470c57277aac6113d85f9781b4acdfdadfae8ebc9965bd7fdac7e","4057402","1500721634","7/22/2017 11:07:14 AM","0xfbb1b73c4f0bda4f67dca266ce6ef42f520fbb98","0x8bbb73bcb5d553b5a556358d27625323fd781d37","1567.11115502"
"0x98fe40f965555d1db312334da859c00315827e1cb3b7320d82ac1ae16b2d0842","4057408","1500721724","7/22/2017 11:08:44 AM","0xe92589d661be00e7520e68fccfc0668fa4629a9e","0xdd24d2b5e4a6de182a148bff3ac0bf8ca86d8689","267000"
"0x94a1925f44826a59a12ee1ea8b0944fdd33ad1d61338d63406e6133b8d89795f","4057410","1500721748","7/22/2017 11:09:08 AM","0xfbb1b73c4f0bda4f67dca266ce6ef42f520fbb98","0xd993f766b67bbdcb641f4c5bc0b030cebeb19747","359.21631"
"0x577a6b302dbd6aceb082eccbc95bc94ab369ff446ed677d62e92f0367831af7f","4057416","1500721813","7/22/2017 11:10:13 AM","0x8bbb73bcb5d553b5a556358d27625323fd781d37","0x1151314c646ce4e0efd76d1af4760ae66a9fe30f","1567.11115502"
"0x5afe15045d064d54917493751a57cf16e000b99aaf9d1b6782ad812ee12177de","4057421","1500721888","7/22/2017 11:11:28 AM","0xfbb1b73c4f0bda4f67dca266ce6ef42f520fbb98","0x8bbb73bcb5d553b5a556358d27625323fd781d37","1641.24200553"
"0x31d8c57ff226c77ed8bf39184e42904753d25d8a3b1cef11a2979998b77f6d43","4057421","1500721888","7/22/2017 11:11:28 AM","0xfbb1b73c4f0bda4f67dca266ce6ef42f520fbb98","0x1efe182ddb9b82bfb3afa3614ed28e20232b8730","663.33852347"
"0x0e0c04647f71dd65390ad8920f4cf66ff32a6d126eff910185c9899e53ec9490","4057423","1500721902","7/22/2017 11:11:42 AM","0x8bbb73bcb5d553b5a556358d27625323fd781d37","0x1151314c646ce4e0efd76d1af4760ae66a9fe30f","1641.24200553"
"0xbc443ed29b98fcd3559ba8f715aa5c3a7095104350254a596b1fba7b9ddff16d","4057429","1500721944","7/22/2017 11:12:24 AM","0xd993f766b67bbdcb641f4c5bc0b030cebeb19747","0x8737305011408648c0c2fc6ff831d566fbaac483","359.21631"
"0x76e1e821cf63fd34b614633efe096ede4a6007ec6807191faa86a5d5356762b2","4057436","1500722010","7/22/2017 11:13:30 AM","0xfbb1b73c4f0bda4f67dca266ce6ef42f520fbb98","0x45083c507882cb7b638f660762b28e2f1a504f73","30080.79"
"0x27e9ceec0f668bc994728ed3bb25bbdf024ab4146a2edb63971de38e59b8e6a0","4057437","1500722024","7/22/2017 11:13:44 AM","0x1efe182ddb9b82bfb3afa3614ed28e20232b8730","0x5e575279bf9f4acf0a130c186861454247394c06","663.33852347"
"0x13af6e6450ea18e6ea1ac194b8d4e3cd161723bd490ba1e2535981f6bfa5378e","4057441","1500722116","7/22/2017 11:15:16 AM","0xfbb1b73c4f0bda4f67dca266ce6ef42f520fbb98","0x8bbb73bcb5d553b5a556358d27625323fd781d37","5243.32841006"
"0x73e36f5590a462ab6a9770452127e5d83885dcd103ac6c28a774644a5321a451","4057441","1500722116","7/22/2017 11:15:16 AM","0xfbb1b73c4f0bda4f67dca266ce6ef42f520fbb98","0x4fd5cab42272b27c43410d7ff3b8632af02bfc96","1839.5027398"
"0x4d80efbf0cfea5f3425fbd192353c3e2450df2fffdc3f07b2b61b06d1b9c15b1","4057447","1500722270","7/22/2017 11:17:50 AM","0xfbb1b73c4f0bda4f67dca266ce6ef42f520fbb98","0x0183218c7c8228c490800bea9ff8747f44a20929","672.48290263"
"0x7bab8ded1425e72f9b13343ae20ed17de9194ef2f2cd004b2f1826c49ebb6174","4057447","1500722270","7/22/2017 11:17:50 AM","0xfd1dc115a0d4b456c84e79743fb3e1cc89ef6bba","0xceb2a4981339d48c3fa24e418b71aa6a5d30571a","4113.475428"
"0x9fcdf27860ba8eb032a84f7e63142dd969748cc46d28167273c324eabacb7a2b","4057450","1500722348","7/22/2017 11:19:08 AM","0x45083c507882cb7b638f660762b28e2f1a504f73","0x1151314c646ce4e0efd76d1af4760ae66a9fe30f","30080.79"
"0xe2f3634110762c8fff5c2e2a71c24217cdf5470ff613c85cad301eb6100ab068","4057450","1500722348","7/22/2017 11:19:08 AM","0x8bbb73bcb5d553b5a556358d27625323fd781d37","0x1151314c646ce4e0efd76d1af4760ae66a9fe30f","5243.32841006"
"0xc3eb4534ab5c6683b3541f9474118210be93bb25509e92d7fb88f9cbfa5dc74d","4057451","1500722366","7/22/2017 11:19:26 AM","0xfbb1b73c4f0bda4f67dca266ce6ef42f520fbb98","0x8bbb73bcb5d553b5a556358d27625323fd781d37","2021.78701741"
"0xeb46f42c09a85191fa4c91095c7d770c4b12ceeef86faa77a47a7e0c17e303e7","4057451","1500722366","7/22/2017 11:19:26 AM","0xfbb1b73c4f0bda4f67dca266ce6ef42f520fbb98","0x1016fea904349056754edc2b1519b22e0b3d2ad8","3588.99"
"0xd6e38305dcde524bdd50a3d5331beeebb8a8d17a298dc01ea9389bc8bcac5fa3","4057451","1500722366","7/22/2017 11:19:26 AM","0xfbb1b73c4f0bda4f67dca266ce6ef42f520fbb98","0x923427ba98ce1a8eaa1f39df809c971306895969","1999.99"
"0xcf8373f2109bf192af034341dedcc91b5be8fc62e11e2ecd7dd1ea012a17d591","4057456","1500722436","7/22/2017 11:20:36 AM","0x8bbb73bcb5d553b5a556358d27625323fd781d37","0x1151314c646ce4e0efd76d1af4760ae66a9fe30f","2021.78701741"
"0x5c857bea4f8ebf7f1863e4c1750fbcde039f8f90f0a9ecee610373c37cad1deb","4057466","1500722622","7/22/2017 11:23:42 AM","0x1151314c646ce4e0efd76d1af4760ae66a9fe30f","0x3ae3c1721957348874f3be17eada23a9ffdeeb0f","45650.56950283"
"0xe73ff345932bb78723e2a3f254e3e6df1f8ac6223f61dd84308c4f521be7746b","4057466","1500722622","7/22/2017 11:23:42 AM","0x4fd5cab42272b27c43410d7ff3b8632af02bfc96","0x8737305011408648c0c2fc6ff831d566fbaac483","1839.5027398"
"0xe1513dc6979d9aa3116fb6b685add4300bbd5523f01e1a9caf87fa424025744e","4057470","1500722736","7/22/2017 11:25:36 AM","0x1151314c646ce4e0efd76d1af4760ae66a9fe30f","0x5861c78e2a6f99500353328ff4610846862f6210","349.9"
"0x5cbca2a20bf14addc447acdfc0ba4dbcf0dc87eb1c5cf473e44666286e7db7cc","4057477","1500722883","7/22/2017 11:28:03 AM","0xfbb1b73c4f0bda4f67dca266ce6ef42f520fbb98","0xdcfc9fe1f05efff538d1cdce7f2b3ce9b8e58093","48.23082991"
"0x1a5f38fd258a629fbb99ada7f5a4a7bc26c2a0b974b9d87875560688386c51d5","4057481","1500722983","7/22/2017 11:29:43 AM","0xfbb1b73c4f0bda4f67dca266ce6ef42f520fbb98","0x8bbb73bcb5d553b5a556358d27625323fd781d37","1832.13365145"
"0x31150875eaf6c61a3182bcfe6e980d06d35563a75e66f423c85432877f2b5d97","4057484","1500723021","7/22/2017 11:30:21 AM","0x3ae3c1721957348874f3be17eada23a9ffdeeb0f","0x8737305011408648c0c2fc6ff831d566fbaac483","45650.56950283"
"0x492adaf1232e30b7c23325bf2822f95d4fe80faa9b186b464170f6e09c03c7f2","4057487","1500723101","7/22/2017 11:31:41 AM","0xfbb1b73c4f0bda4f67dca266ce6ef42f520fbb98","0x4b4863bf0299ea0bc161ee56b1ad20243792ad5d","2019.3954065"
"0x2a185a362885b9f77611efe0938abe67b9c0b1f573ae66dc42f3ab0918dbe184","4057487","1500723101","7/22/2017 11:31:41 AM","0x8737305011408648c0c2fc6ff831d566fbaac483","0xd3512ac47617ed8d5d2940bbead370fcffa91455","2991"
"0x25de8630ad93dc6e4101edcee45a5b9b40bd74e2bf10e25893075c88c9b584cd","4057488","1500723109","7/22/2017 11:31:49 AM","0x8737305011408648c0c2fc6ff831d566fbaac483","0xd3512ac47617ed8d5d2940bbead370fcffa91455","3090.7"
"0x722b27699416383f90f42de5b6fc5594ed2c3f2d93619ea9d5fdb30e1d8defa2","4057489","1500723113","7/22/2017 11:31:53 AM","0x8737305011408648c0c2fc6ff831d566fbaac483","0x60b4bf902e31c48fd3e3aed35a321381ae5693db","1598.191"
"0xd7c0df0d37d74dfa7809bf9236042afd3e5abf07d4887ea9ebffd14aa655c064","4057492","1500723146","7/22/2017 11:32:26 AM","0x5861c78e2a6f99500353328ff4610846862f6210","0x8737305011408648c0c2fc6ff831d566fbaac483","349.9"
"0x3f3fa1fad3c3c06698e56207adcf5153faa1faf6b001f73b275d7ec18e713e1e","4057493","1500723169","7/22/2017 11:32:49 AM","0x8bbb73bcb5d553b5a556358d27625323fd781d37","0x1151314c646ce4e0efd76d1af4760ae66a9fe30f","1832.13365145"
"0xb1c14a850ca46c4025ec20e3b487d8cab0a27bf6c9c7fed0c678555104bc3a2e","4057495","1500723224","7/22/2017 11:33:44 AM","0xfd1dc115a0d4b456c84e79743fb3e1cc89ef6bba","0xadbe654abeeaa69ac3fd5fd59d85c39333e87204","40000"
"0xdd2faeb0010fcae783981b0eca9b5dee88a26274c87713c087c412801b36bbe5","4057507","1500723380","7/22/2017 11:36:20 AM","0x4b4863bf0299ea0bc161ee56b1ad20243792ad5d","0x8737305011408648c0c2fc6ff831d566fbaac483","2019.3954065"
"0xae0ae1971463b83131cd9cd119f4bb235d34da8c621bddf18206d2ace88d5c0a","4057511","1500723474","7/22/2017 11:37:54 AM","0xfbb1b73c4f0bda4f67dca266ce6ef42f520fbb98","0x65b32bfe87cf2b29013b2ee710a5214b0a669778","999.99"
"0xbfcc4ca9364795fb695e722d6cdd0d34df38ad8503e40b66298c51fb31133c3a","4057513","1500723515","7/22/2017 11:38:35 AM","0xadbe654abeeaa69ac3fd5fd59d85c39333e87204","0x1151314c646ce4e0efd76d1af4760ae66a9fe30f","40000"
"0xe9bea7181ca1a97336b6deeee0891ca65f9f19aa3b4ba63d4e89d0d859c11bb4","4057532","1500723921","7/22/2017 11:45:21 AM","0x65b32bfe87cf2b29013b2ee710a5214b0a669778","0x8737305011408648c0c2fc6ff831d566fbaac483","999.99"
"0x3c4c908bdd367758faf0668aa0ec6759e28ef6556b4ada1e7750a11fd2561377","4057558","1500724420","7/22/2017 11:53:40 AM","0xfbb1b73c4f0bda4f67dca266ce6ef42f520fbb98","0x8bbb73bcb5d553b5a556358d27625323fd781d37","2404.9345991"
"0x8b8a468065f8af198650840fe7c0a13413617f2e2681825960ba94e567160976","4057563","1500724535","7/22/2017 11:55:35 AM","0xfbb1b73c4f0bda4f67dca266ce6ef42f520fbb98","0x8bbb73bcb5d553b5a556358d27625323fd781d37","1976.62510564"
"0x4382fcb86bea8431d8bbb7619ee98b25867b09e33950ecf036920bcf69f7c053","4057574","1500724697","7/22/2017 11:58:17 AM","0xf8725e51f749a42d6d46f6a5e3666bd86775e080","0x5d299f64acd19577b73692f7a48da5253b316c08","40"
"0x330e3b93f0a77b6c160530c136535e9d36ba08b82d6ffd7e44b0a18b9ba92194","4057574","1500724697","7/22/2017 11:58:17 AM","0x8bbb73bcb5d553b5a556358d27625323fd781d37","0x1151314c646ce4e0efd76d1af4760ae66a9fe30f","4381.55970474"
"0x240663645320bb3b6c7e6c5428e70db63b6a16bdee366f9bd5801eb7d9d4acaa","4057593","1500725105","7/22/2017 12:05:05 PM","0x8d12a197cb00d4747a1fe03395095ce2a5cc6819","0x48ae7ea7038973e4dd8316cb37ffd01a8b3b9828","42.495"
"0x5778ad327239587e9d3adc54893c97b4623604bb75ceb0d3bbe07819f2532c52","4057594","1500725126","7/22/2017 12:05:26 PM","0x5d299f64acd19577b73692f7a48da5253b316c08","0x8737305011408648c0c2fc6ff831d566fbaac483","40"
"0x411e10bd6a5e9228014a1f3b1bd535c8c0089eca1ce79505537ae006a47fb82b","4057611","1500725407","7/22/2017 12:10:07 PM","0x48ae7ea7038973e4dd8316cb37ffd01a8b3b9828","0x9d9abf26df46cd743ddebc8908fe2742f9a7dcdf","42.495"
"0x32a48c450e9d8d02b0745b846035ac9d347803f92502ca209ae4eb4c240a6bcb","4057617","1500725560","7/22/2017 12:12:40 PM","0x1151314c646ce4e0efd76d1af4760ae66a9fe30f","0x8f81085f33f91379b01069e64896a841f555ae8f","5656.38895876"
"0x173311b738d224da138ae55a78e1cc53137e4766d7fb8dd02d3296cf3b57bd4f","4057620","1500725616","7/22/2017 12:13:36 PM","0x9d9abf26df46cd743ddebc8908fe2742f9a7dcdf","0xfbb1b73c4f0bda4f67dca266ce6ef42f520fbb98","42.495"
"0x6d909c0142058388334d0ed20e5e0af0c851a95e846e70663e44c2c2eae9b3fc","4057626","1500725766","7/22/2017 12:16:06 PM","0x8f81085f33f91379b01069e64896a841f555ae8f","0xfbb1b73c4f0bda4f67dca266ce6ef42f520fbb98","5656.38895876"
"0x0076998369ff6bf768a2ca71deede345f307527c8961313daecb4dccbef9053b","4057628","1500725804","7/22/2017 12:16:44 PM","0x1151314c646ce4e0efd76d1af4760ae66a9fe30f","0xcd3b79e54ad58e76a1d1e37de00414a09fd4291f","2999.9"
"0xdd40f619b757a82b7c199797bae6e43d6f1e9990379c0885044eddb047f114f7","4057628","1500725804","7/22/2017 12:16:44 PM","0x1151314c646ce4e0efd76d1af4760ae66a9fe30f","0x4c028b5b37f5f66b3bb5845de78ebf6085e745a3","1671.9"
"0x9dc71dd407d4aa2041eb4e2e6bc4ad7721383ffbe4b44990ba7e8ea6fde89937","4057630","1500725818","7/22/2017 12:16:58 PM","0xff0cb0351a356ad16987e5809a8daaaf34f5adbe","0x117591934dbfde30064caf1f5e1929a01ed43d06","108000"
"0xda26f335448abcf4487c4745ca3f60b155f27c66758baa5c8939ffb9ffb64000","4057634","1500725866","7/22/2017 12:17:46 PM","0xfbb1b73c4f0bda4f67dca266ce6ef42f520fbb98","0x64bd1e82441387ea0b0ceb6fd15b0589cc00018e","100"
"0x9fabc009b6f584ba2514e410f842828dbbf26717aa1b7a3154d5c35c81776802","4057642","1500725990","7/22/2017 12:19:50 PM","0x1151314c646ce4e0efd76d1af4760ae66a9fe30f","0xc74b4d25c693accf46907511a6c9cd0522f60da3","42.108652"
"0xd8f83c85ba08cc5c65dd5033c05a883719208205189fed885d8de38e0edbccec","4057644","1500726019","7/22/2017 12:20:19 PM","0xcd3b79e54ad58e76a1d1e37de00414a09fd4291f","0x8737305011408648c0c2fc6ff831d566fbaac483","2999.9"
"0xc5aab9c74cb6bda7b251321fa904590afdd0d1244402f6d1fc9040156eb5236e","4057645","1500726032","7/22/2017 12:20:32 PM","0x4c028b5b37f5f66b3bb5845de78ebf6085e745a3","0x8737305011408648c0c2fc6ff831d566fbaac483","1671.9"
"0xfac45ac8b11fcb748d895c7dba69a87ad23009e7a3d8789ff5b47d26caa50248","4057650","1500726106","7/22/2017 12:21:46 PM","0x8737305011408648c0c2fc6ff831d566fbaac483","0x8d01926ce14c821370151424fd2d9b4e7b05927b","99.5006"
"0x29d04150e4bfdacadd3e8bff60e116616410a942543b50a560d256d48021a703","4057655","1500726160","7/22/2017 12:22:40 PM","0x1151314c646ce4e0efd76d1af4760ae66a9fe30f","0x8f81085f33f91379b01069e64896a841f555ae8f","3639.41708089"
"0x9f7f0b4370e2c9005486b168f17948571ce616104a4365c3a773cee6b44dae0a","4057659","1500726264","7/22/2017 12:24:24 PM","0xfbb1b73c4f0bda4f67dca266ce6ef42f520fbb98","0x1016fea904349056754edc2b1519b22e0b3d2ad8","3657.99"
"0x180bd103a07285632abea77ccb5fb32f105210cf5f21d92039eed89cd747ebe2","4057659","1500726264","7/22/2017 12:24:24 PM","0x8f81085f33f91379b01069e64896a841f555ae8f","0xfbb1b73c4f0bda4f67dca266ce6ef42f520fbb98","3639.41708089"
"0xd62b5843d350e1a6f8c222d158230d1ad98ff256070cb8ad1a86102ba463fa73","4057675","1500726582","7/22/2017 12:29:42 PM","0x1151314c646ce4e0efd76d1af4760ae66a9fe30f","0x1069f365bb928e26040d6e5ec765f7ea112fa677","934.028"
"0xdfd1ca3ed41605924b65bb2792d59f8f5a3647e4a98e641dc864a5444b0752ce","4057684","1500726827","7/22/2017 12:33:47 PM","0x1151314c646ce4e0efd76d1af4760ae66a9fe30f","0x8f81085f33f91379b01069e64896a841f555ae8f","3334.09921552"
"0x7e849bca54611cc3c80365ef62c9b24b29ecd5524abcb14618416be7002c6432","4057689","1500726907","7/22/2017 12:35:07 PM","0x0bcaf5a735a42cf11cb406621884bb02098a2f5c","0xe0f1cc81e8a58b1a1e567e3ac72c413c5c8e0714","1598.54769231"
"0xead43db30e75ae5f11d880b618f197e7e26c7bc0776caa5c2721c6555f5b3730","4057689","1500726907","7/22/2017 12:35:07 PM","0x0b5a91adc9a867501fd814cea2caba28f9770b63","0x244cd87f1ccd798827ec6d70291bd4b4dd2ab56c","9984.9"
"0xd4cdc88cc64ad47e3a6bcee51eaa90c8d42e947d8c6c4e6dbb5cd1522c02f5b3","4057689","1500726907","7/22/2017 12:35:07 PM","0x5de261a82f89711bb73ad6e011562854474df1d6","0x6192ea9b9105cb947f74e05a89a7b75bf5f93b91","10"
"0x78c0a2bef7f33ca5c1044d9fc468a86f8a26ac81c52446458c54cb61a17769f1","4057689","1500726907","7/22/2017 12:35:07 PM","0x1151314c646ce4e0efd76d1af4760ae66a9fe30f","0x5861c78e2a6f99500353328ff4610846862f6210","668.78"
"0x001ca92d9995935c39eafbd9dec6d1b6274338aa0bd9be75f2df5e753511bd9c","4057695","1500726965","7/22/2017 12:36:05 PM","0xfbb1b73c4f0bda4f67dca266ce6ef42f520fbb98","0xeef312e8af3735e1a225f6001ddc8a5d63c8f231","1479.62831165"
"0x11fc7f1140031c79d776e9a68bc0c05b57cf2515d1f20c2aa50abf3d900e62dc","4057696","1500727000","7/22/2017 12:36:40 PM","0x1151314c646ce4e0efd76d1af4760ae66a9fe30f","0x8f81085f33f91379b01069e64896a841f555ae8f","6575.81802788"
"0x05b8d85913c980434e9181c97f401dd8c918162fe826a766da7fe61d543d09e0","4057696","1500727000","7/22/2017 12:36:40 PM","0x00cd9fad11d5b2118a3dd32d5d43fdb33bde9e85","0x30d31922933149c0163fd05b9779847c3e92ac82","480000"
"0xbece897dd51bf3e27f0d643c9ff0826d98138bb54e7ee2131b814921a4199ded","4057696","1500727000","7/22/2017 12:36:40 PM","0x1069f365bb928e26040d6e5ec765f7ea112fa677","0x8737305011408648c0c2fc6ff831d566fbaac483","934.028"
"0x98e30761ffa6cc8feab20dab53e3b0a4e187d251b030edadd2cfce295c14d5f2","4057696","1500727000","7/22/2017 12:36:40 PM","0x8f81085f33f91379b01069e64896a841f555ae8f","0xfbb1b73c4f0bda4f67dca266ce6ef42f520fbb98","3334.09921552"
"0xe329443758aaf5459728a74f3cf89e01a742d744fd41a72668047f826a43f143","4057696","1500727000","7/22/2017 12:36:40 PM","0xe0f1cc81e8a58b1a1e567e3ac72c413c5c8e0714","0xfbb1b73c4f0bda4f67dca266ce6ef42f520fbb98","1598.54769231"
"0x72da7c81d652d40243763bd78f36f888897a08e5f2f067d1a256cf646be8cb5d","4057696","1500727000","7/22/2017 12:36:40 PM","0x244cd87f1ccd798827ec6d70291bd4b4dd2ab56c","0xfbb1b73c4f0bda4f67dca266ce6ef42f520fbb98","9984.9"
"0x63ee43d6d83287be105147502e938e58d228275b47c32b105ea5ee66f7c71ab7","4057704","1500727208","7/22/2017 12:40:08 PM","0x8f81085f33f91379b01069e64896a841f555ae8f","0xfbb1b73c4f0bda4f67dca266ce6ef42f520fbb98","6575.81802788"
"0xb11dd658300190ef117e98500dfee42777d5d48536acddf700502ba56ea6c53f","4057704","1500727208","7/22/2017 12:40:08 PM","0x30d31922933149c0163fd05b9779847c3e92ac82","0xfbb1b73c4f0bda4f67dca266ce6ef42f520fbb98","480000"
"0xa6e11bf9fb742ea94c7be6a2e0a94a093adcf047024a2862722d1a91c6fde8f0","4057706","1500727220","7/22/2017 12:40:20 PM","0x6192ea9b9105cb947f74e05a89a7b75bf5f93b91","0x8737305011408648c0c2fc6ff831d566fbaac483","10"
"0x9196c213970ad5213201cad308d856bd54cfbf0c7b268f3e58d26b68d408f682","4057708","1500727259","7/22/2017 12:40:59 PM","0x8737305011408648c0c2fc6ff831d566fbaac483","0x5e68ee328536f3a92fada83b03327a04ca88b5ef","996.5015"
"0xd0bb6d9b1174e5e1f71136e182c6afd9c1d13691fee9ac551c0dd7d0538cf85b","4057710","1500727300","7/22/2017 12:41:40 PM","0x1151314c646ce4e0efd76d1af4760ae66a9fe30f","0x8f81085f33f91379b01069e64896a841f555ae8f","2104.75887301"
"0xc21b71f9acd5e6c1464f0a88bc1e659777488b8905353fb476210cb28d35916b","4057714","1500727370","7/22/2017 12:42:50 PM","0x8f81085f33f91379b01069e64896a841f555ae8f","0xfbb1b73c4f0bda4f67dca266ce6ef42f520fbb98","2104.75887301"
"0x9c390e3386b587c14007feead4ebbcd962bd90e675545ef4755ab38d1a52e335","4057714","1500727370","7/22/2017 12:42:50 PM","0xeef312e8af3735e1a225f6001ddc8a5d63c8f231","0x8737305011408648c0c2fc6ff831d566fbaac483","1479.62831165"
"0x781f83a5e93d733cf1bc0c55f068995bec7a947aae6fc8260786ebe446f534bb","4057714","1500727370","7/22/2017 12:42:50 PM","0x5861c78e2a6f99500353328ff4610846862f6210","0x8737305011408648c0c2fc6ff831d566fbaac483","668.78"
"0x443bd561c5b574e08a63cd9b2eb33f82eb44f3c05eeb19a98ec5afe67631a2e4","4057732","1500727740","7/22/2017 12:49:00 PM","0xfbb1b73c4f0bda4f67dca266ce6ef42f520fbb98","0x8047c5218b31b6ee7caa1e08b87941f0c929a5b8","4707.50413954"
"0x5383e5a930ae4cc36ccc73502f22ecd6e2836caa7d7461b4d93a5343886710d7","4057738","1500727785","7/22/2017 12:49:45 PM","0x1151314c646ce4e0efd76d1af4760ae66a9fe30f","0x8d417909c8a4f618cac65fdeca0e3bae51be2eb3","10000.9"
"0xae61785b641feb4b7feaeb75c2af76ba43b307435d9ad93df3e7e446a81a1b7c","4057738","1500727785","7/22/2017 12:49:45 PM","0x1151314c646ce4e0efd76d1af4760ae66a9fe30f","0xcd3b79e54ad58e76a1d1e37de00414a09fd4291f","5197.8"
"0x0fbbfc61d7f94e59ae2e6e8702ef405d25ad10717133dbbe517cbc3095bef46a","4057746","1500727919","7/22/2017 12:51:59 PM","0xeb68aa2764b4a9a943658b2e61db4c902b2ebf85","0x8db1843355876c331381bbf0b943ec6720320ac9","172479.0775"
"0x3133edb9085b1297ffa3e188ce14a265bcfb57309ef5feffe6120e81c21b8919","4057748","1500727956","7/22/2017 12:52:36 PM","0x8047c5218b31b6ee7caa1e08b87941f0c929a5b8","0x8737305011408648c0c2fc6ff831d566fbaac483","4707.50413954"
"0xbf9a82a01546cfc77076cc56571da2ce531af089b3681fd541956e1f81269010","4057749","1500728078","7/22/2017 12:54:38 PM","0x1151314c646ce4e0efd76d1af4760ae66a9fe30f","0x8f81085f33f91379b01069e64896a841f555ae8f","6208.95000001"
"0x3687a75e93f3f2b90b0112c00f41b92dba9810fba26a443c06d49cdec774b9b5","4057750","1500728111","7/22/2017 12:55:11 PM","0x1151314c646ce4e0efd76d1af4760ae66a9fe30f","0x99db9a4460adaec6c1aafd7801fe87359527406f","670.78"
"0x753850a7908b55354da568ab2f78bfd84588b496787b937a505ed4269fef1263","4057757","1500728202","7/22/2017 12:56:42 PM","0x1151314c646ce4e0efd76d1af4760ae66a9fe30f","0x8f81085f33f91379b01069e64896a841f555ae8f","1491.81746889"
"0x7bab7a30782efe7b31deab01331b19fe6da4b9cc51ce26205a41179218836a36","4057758","1500728204","7/22/2017 12:56:44 PM","0xcd3b79e54ad58e76a1d1e37de00414a09fd4291f","0x8737305011408648c0c2fc6ff831d566fbaac483","5197.8"
"0x021782954c974bbe7cb0eba67142bb9df576e02c74b475ea84e67a136742f261","4057760","1500728213","7/22/2017 12:56:53 PM","0x8f81085f33f91379b01069e64896a841f555ae8f","0xfbb1b73c4f0bda4f67dca266ce6ef42f520fbb98","7700.7674689"
"0x1f95428ba9873ca987319d8eeef298c76c1465a97121839d6f30cf11012b2558","4057761","1500728246","7/22/2017 12:57:26 PM","0x8d417909c8a4f618cac65fdeca0e3bae51be2eb3","0x8737305011408648c0c2fc6ff831d566fbaac483","10000.9"
"0x24712bdcfad9909be455b56cb8e55f8a9d56c84b0aaaac3049954d2d2318c86b","4057764","1500728343","7/22/2017 12:59:03 PM","0xfbb1b73c4f0bda4f67dca266ce6ef42f520fbb98","0x2554deef80368fde8e5491c9648ee8569e6d8947","95.85872676"
"0x77d3103ae44c545590698f2486bdf1a8772f77607d423c2d40af8c2a1b891489","4057764","1500728343","7/22/2017 12:59:03 PM","0x1151314c646ce4e0efd76d1af4760ae66a9fe30f","0x8f81085f33f91379b01069e64896a841f555ae8f","1485.62003113"
"0x47ae789e14224fc746259be8e31a990fc24340cd0bad98c394fa65bbfe8dbed1","4057772","1500728566","7/22/2017 1:02:46 PM","0xfbb1b73c4f0bda4f67dca266ce6ef42f520fbb98","0xd993f766b67bbdcb641f4c5bc0b030cebeb19747","714.07454"
"0x6b5100fc66794a7558cf4c0673f6b96afc7b691a739325f19112f47b091298d6","4057772","1500728566","7/22/2017 1:02:46 PM","0x8f81085f33f91379b01069e64896a841f555ae8f","0xfbb1b73c4f0bda4f67dca266ce6ef42f520fbb98","1485.62003113"
"0x7fe4d7962c04482a86f43836362246ac7e0a090006b7f5746e37b6ff86d35bd2","4057782","1500728717","7/22/2017 1:05:17 PM","0xfbb1b73c4f0bda4f67dca266ce6ef42f520fbb98","0x4b4863bf0299ea0bc161ee56b1ad20243792ad5d","703.45479229"
"0xc67cea936a396256db7a6c5b6bfa8463d03ebb2f543268e74242d5bc849d909d","4057788","1500728775","7/22/2017 1:06:15 PM","0xfbb1b73c4f0bda4f67dca266ce6ef42f520fbb98","0x4fd5cab42272b27c43410d7ff3b8632af02bfc96","1010.86209327"
"0xe8cfaf747aba91ee7a12c600e54855762f6a5453ff4761a36c554cf188332cd0","4057788","1500728775","7/22/2017 1:06:15 PM","0xfbb1b73c4f0bda4f67dca266ce6ef42f520fbb98","0x8047c5218b31b6ee7caa1e08b87941f0c929a5b8","4707.534"
"0x1789530b1a1a8c1f34d7b6222ba5334ccfc4eea242b9065693c9ce9c77732de4","4057790","1500728841","7/22/2017 1:07:21 PM","0xd993f766b67bbdcb641f4c5bc0b030cebeb19747","0x8737305011408648c0c2fc6ff831d566fbaac483","714.07454"
"0x28e1c79b0095557cf963b49bfecc29d842b07c825e8d52c1b7b25f527cb3da70","4057793","1500728879","7/22/2017 1:07:59 PM","0x1151314c646ce4e0efd76d1af4760ae66a9fe30f","0x8f81085f33f91379b01069e64896a841f555ae8f","7883.28071668"
"0x5412084e4e0322ee43217bd5f542e1007cc927c14b11df0ee0f6c476cde79aa5","4057799","1500728992","7/22/2017 1:09:52 PM","0x4b4863bf0299ea0bc161ee56b1ad20243792ad5d","0x8737305011408648c0c2fc6ff831d566fbaac483","703.45479229"
"0x9bfbbb1f7ccffd04da9dfa58c2a4eda582bee46a595e10f3732179153bfcf935","4057801","1500729033","7/22/2017 1:10:33 PM","0x8f81085f33f91379b01069e64896a841f555ae8f","0xfbb1b73c4f0bda4f67dca266ce6ef42f520fbb98","7883.28071668"
"0x290c8ebc190e1c9ef067fe1a08d5375004e3c32555a33d54cc0b232124fb19e1","4057804","1500729127","7/22/2017 1:12:07 PM","0x4fd5cab42272b27c43410d7ff3b8632af02bfc96","0x8737305011408648c0c2fc6ff831d566fbaac483","1010.86209327"
"0x8778da6dd830b63c4dd1659ecef0308874e7d1b8f3ba81a365112b5080caf85a","4057805","1500729154","7/22/2017 1:12:34 PM","0x8737305011408648c0c2fc6ff831d566fbaac483","0x8d01926ce14c821370151424fd2d9b4e7b05927b","711.92779"
"0x59208fa540641f6f08b07c5fb05e8f8fd64635d6329e7cd6ab5de4d346ae181d","4057809","1500729247","7/22/2017 1:14:07 PM","0x8047c5218b31b6ee7caa1e08b87941f0c929a5b8","0x8737305011408648c0c2fc6ff831d566fbaac483","4707.534"
"0x90f6782b29c5d3302f00aac8a4e5e9d913fb8773bd0ce2700f42b8b94bca9e23","4057823","1500729477","7/22/2017 1:17:57 PM","0x1151314c646ce4e0efd76d1af4760ae66a9fe30f","0x5e3bdf29398780a701710a29cc453019b88af4e3","1998.1"
"0x855d10509e7d5501a02d3970a39ee1543fccf984734021872a0e26d458843a73","4057824","1500729553","7/22/2017 1:19:13 PM","0xfbb1b73c4f0bda4f67dca266ce6ef42f520fbb98","0xec4cb38479ea78973124228a00d6eb789614023a","118.68746291"
"0x20a4f5176b09b92d4cbba0c16de1608caa7a0c222f7667abd20a1937153e12cd","4057830","1500729651","7/22/2017 1:20:51 PM","0x1151314c646ce4e0efd76d1af4760ae66a9fe30f","0x8f81085f33f91379b01069e64896a841f555ae8f","6309.7073348"
"0xba4e84513570bee8d9589f39da96f267191b808f3abd9ff5ebbd9b5716785259","4057837","1500729806","7/22/2017 1:23:26 PM","0x8f81085f33f91379b01069e64896a841f555ae8f","0xfbb1b73c4f0bda4f67dca266ce6ef42f520fbb98","6309.7073348"
"0x112d37087a176ade69b1ff54192c2e99ca50eec5222117efc03c0f6ece63d102","4057848","1500730078","7/22/2017 1:27:58 PM","0x1151314c646ce4e0efd76d1af4760ae66a9fe30f","0x8f81085f33f91379b01069e64896a841f555ae8f","2558.59159606"
"0xbff096ee1c3adaf328287dc3ab759714f80ff1e0f463060617397e8cdf4f71a6","4057850","1500730119","7/22/2017 1:28:39 PM","0x2ebb507b1da5b2619515d542a8af27b0747a6bc2","0xc1462425fdc766b747c7f0bd9de1883c818d2ac9","935.0262"
"0x2f38efb747d69edb8cce3a7af8639b7d3bf5042641063e07951dac4b7f7a551a","4057850","1500730119","7/22/2017 1:28:39 PM","0x8f81085f33f91379b01069e64896a841f555ae8f","0xfbb1b73c4f0bda4f67dca266ce6ef42f520fbb98","2558.59159606"
"0x5fa11054a967c73ddea9e90f6dc62ecb9d542fb70c97016c4da66b82dc909b59","4057859","1500730292","7/22/2017 1:31:32 PM","0xfbb1b73c4f0bda4f67dca266ce6ef42f520fbb98","0xbe8fd50c5091a299a017ceecb160651dae9f8f21","999.49"
"0x6f3886527813b7b568b680570cc49827387756f1ca9393831c5899ced0e7748d","4057878","1500730601","7/22/2017 1:36:41 PM","0xbe8fd50c5091a299a017ceecb160651dae9f8f21","0x8737305011408648c0c2fc6ff831d566fbaac483","999.49"
"0x3bfccf082245fab33f2202256654a3ab8bd078e88a4f9dcf11cbfc3ad1ff3def","4057882","1500730657","7/22/2017 1:37:37 PM","0x2ebb507b1da5b2619515d542a8af27b0747a6bc2","0xbd7f4c9cd74de8f37eda3e5a5fe878b2b9aad3b0","6074.826"
"0xe0fb077759d68ff221206a16d9d492a3e213911b1fa8412f6f80264f5323d08d","4057883","1500730672","7/22/2017 1:37:52 PM","0x1151314c646ce4e0efd76d1af4760ae66a9fe30f","0x8f81085f33f91379b01069e64896a841f555ae8f","1796.79355103"
"0x2ac7687320b1b8fc7b1698814620b0425f191ddc4a001e615c8d9833670ebe5e","4057887","1500730752","7/22/2017 1:39:12 PM","0x8f81085f33f91379b01069e64896a841f555ae8f","0xfbb1b73c4f0bda4f67dca266ce6ef42f520fbb98","1796.79355103"
"0xedab5081969a384783dd8fe5d92403bd38ecfa5e564c083b15b7c1d44e891bcb","4057890","1500730817","7/22/2017 1:40:17 PM","0x1151314c646ce4e0efd76d1af4760ae66a9fe30f","0x8f81085f33f91379b01069e64896a841f555ae8f","5146.19955921"
"0xc0d2ba7fe6cba3807b3d1d8908971a32e2acb860c26d9c72ca3ee911b4c82f0a","4057894","1500730910","7/22/2017 1:41:50 PM","0x8f81085f33f91379b01069e64896a841f555ae8f","0xfbb1b73c4f0bda4f67dca266ce6ef42f520fbb98","5146.19955921"
"0x17c133e73b8d226d4bddea7f1f827ff4118d98859e577c038dfc5ebfca8fb887","4057917","1500731250","7/22/2017 1:47:30 PM","0xfbb1b73c4f0bda4f67dca266ce6ef42f520fbb98","0x75b6d7e2ba6e21d4852933184f13d3df75aba11e","6878.82594235"
"0xdb824fe60257a00252f3c4fd6e624b1df8dc9bbb1fbf1e54f71a0a24a88a49a8","4057919","1500731267","7/22/2017 1:47:47 PM","0x1151314c646ce4e0efd76d1af4760ae66a9fe30f","0x8f81085f33f91379b01069e64896a841f555ae8f","3514.32728818"
"0x33a8cd51652bc6ab40582819a418ff468fc1fabe49f936eca2db499548a3b6e7","4057920","1500731328","7/22/2017 1:48:48 PM","0x3bbee560eff07f498d0f41ce08c5ed39607417ef","0x2ebb507b1da5b2619515d542a8af27b0747a6bc2","4846.86702586"
"0x3ed6433d48598f2f4aed8e98bceef744e1cd59bc2c7520b80ed8def06fab1327","4057920","1500731328","7/22/2017 1:48:48 PM","0xecae8fbe4aaaa2d2e818eca92f252758bafc2e92","0x2ebb507b1da5b2619515d542a8af27b0747a6bc2","15999.49999999"
"0x4bce5af255b06e65d8d5678fbde9516cc2f49be2e5598581579fee4ce86f6761","4057920","1500731328","7/22/2017 1:48:48 PM","0x623703d0453e78505a7f21316c2feb7f43390a5e","0x2ebb507b1da5b2619515d542a8af27b0747a6bc2","5306.8"
"0x53d2d65468c2205f4093f83c8a5e152a7701149d7663db05cdf00c65b1d89976","4057920","1500731328","7/22/2017 1:48:48 PM","0x8d01926ce14c821370151424fd2d9b4e7b05927b","0x2ebb507b1da5b2619515d542a8af27b0747a6bc2","7668.295306"
"0x9f35efd4e5be858cbb638e2f1f6ffbe34a9843e80aace56de74fc6e4eb294ec3","4057920","1500731328","7/22/2017 1:48:48 PM","0xdd137eaa87c857583949d381458588a41abe66f4","0x2ebb507b1da5b2619515d542a8af27b0747a6bc2","9390"
"0xa38b8f0fcb0f90f42707483d7966123dabb17bc40a487000a2372f79db3328bf","4057920","1500731328","7/22/2017 1:48:48 PM","0xd3512ac47617ed8d5d2940bbead370fcffa91455","0x2ebb507b1da5b2619515d542a8af27b0747a6bc2","19951.96400001"
"0xbe659290695d955b656580d874cd3eec8d6af6c2d1f6b2446eae3b21cbde2dd8","4057920","1500731328","7/22/2017 1:48:48 PM","0xbd4bfedd09dfec641fae884012bf3891b31541c7","0x2ebb507b1da5b2619515d542a8af27b0747a6bc2","6115.89999999"
"0xf04bd193ce480c0288417467d3dbb5587693eecc44e0f9cc229e0c13d57217e6","4057920","1500731328","7/22/2017 1:48:48 PM","0xa58b2913ff310e4de8c1ed020acee62a8443c2ae","0x2ebb507b1da5b2619515d542a8af27b0747a6bc2","7987.98"
"0xfc8d564c4e9dfd35dd9c7c740a529cddb2af6ddd63b3b722bba54cde6c905e36","4057920","1500731328","7/22/2017 1:48:48 PM","0x822fa956ad26e710604e6df68da264e14d844c00","0x2ebb507b1da5b2619515d542a8af27b0747a6bc2","3988"
"0x29541bd8a75ac531c88ccfebdf3f92751830690a7ef966e9795fe71a3c0fa2c8","4057924","1500731397","7/22/2017 1:49:57 PM","0xcf9670f8d19479d9d8c9d1ea5609290dd40aebd7","0x2ebb507b1da5b2619515d542a8af27b0747a6bc2","3405.01"
"0x3f55e8ff1c2fbbcafdc0f1f529017f75a57b48a6e613b7d9adfcd67610741e88","4057924","1500731397","7/22/2017 1:49:57 PM","0x2b0fc81bffadb3b7b3603947dde2c39a8a8ecfff","0x2ebb507b1da5b2619515d542a8af27b0747a6bc2","2983.525491"
"0x45835c59d284379b8216bdbd87ee1efb9579397ff529f29af870a085e5eaa5c5","4057924","1500731397","7/22/2017 1:49:57 PM","0xcfb5ec9ddf4ebf71e6c72decbcb879331f068ff2","0x2ebb507b1da5b2619515d542a8af27b0747a6bc2","2594.8"
"0x480e2617261170cf09ea30a654777f1138c00428233fb67a683c63e2fa459f92","4057924","1500731397","7/22/2017 1:49:57 PM","0x854198ec4280e177984d60fdf672326d0aa427d2","0x2ebb507b1da5b2619515d542a8af27b0747a6bc2","3149.5938014"
"0x716541186409cac9d3a09d957866a74194abfe23f37941370c800baff654ffd1","4057924","1500731397","7/22/2017 1:49:57 PM","0xd27863a645b9e5203379e125df4420682202a38f","0x2ebb507b1da5b2619515d542a8af27b0747a6bc2","2888.48999999"
"0x853eee8391cdb9eb0097e41ee721b9a0301b8ce1c00480425ef88fd66320dab4","4057924","1500731397","7/22/2017 1:49:57 PM","0x638c8c164293a42839a5944da347146fcbc570a9","0x2ebb507b1da5b2619515d542a8af27b0747a6bc2","3000"
"0x9a0f2e96f688b5afdf67b01cc79320e7a1ab3d93f18ab7019e36979ea1e0691e","4057924","1500731397","7/22/2017 1:49:57 PM","0xfdd4ecd0d93ce00eb93df71a2086c91371ced69d","0x2ebb507b1da5b2619515d542a8af27b0747a6bc2","2936.86250121"
"0xa8fadf547d450686299f2b0ba93c801b22a630dbb5a133f43457ed559bf3460e","4057924","1500731397","7/22/2017 1:49:57 PM","0x9672600c7a7ce8ad30523ee19d48069e803207d4","0x2ebb507b1da5b2619515d542a8af27b0747a6bc2","3498"
"0xc665d1ef0f6dcfef94bb49d4b1b5c3862de067e5815e5e3099ad2cf60b629414","4057924","1500731397","7/22/2017 1:49:57 PM","0x1d0b2e8a66e0765a3a919983f274eebfc1687b68","0x2ebb507b1da5b2619515d542a8af27b0747a6bc2","3000"
"0xf36c7566d29d7e2f21102f2922e081af823c40aa26402602479a0fde6a6af8b2","4057928","1500731455","7/22/2017 1:50:55 PM","0x1151314c646ce4e0efd76d1af4760ae66a9fe30f","0x8f81085f33f91379b01069e64896a841f555ae8f","3277.04593051"
"0x8ef9119c64f219c34bfac5434e3cc30c5122b4275d6d61db33f7c3bd0f380795","4057932","1500731549","7/22/2017 1:52:29 PM","0x8f81085f33f91379b01069e64896a841f555ae8f","0xfbb1b73c4f0bda4f67dca266ce6ef42f520fbb98","6791.37321869"
"0x3278625ded303db9d6db356e3f0d08a3f08599c1d3bde6f065ea420822628c62","4057935","1500731580","7/22/2017 1:53:00 PM","0xfa399d5d1dfd797c265d493d89087bf9c1729503","0x3a0489384bec7401fbeae1bd452f58717bd84956","2243"
"0xa244557c0ac96072b2fe5b71e8bf0e2eebe5857c46c2bdcf9c6524cd83a67417","4057944","1500731753","7/22/2017 1:55:53 PM","0x75dac019911146c4923b305c1ae9913b5ebdc480","0xb83171f70c989437b563cd70cacc8dbd4d9a57e6","1999"
"0x8e85f3f0ebd8ba17a3216dac1539c1eae019fe8ebc680cc80bc9b9db99dc26a8","4057954","1500731922","7/22/2017 1:58:42 PM","0x1151314c646ce4e0efd76d1af4760ae66a9fe30f","0x8f81085f33f91379b01069e64896a841f555ae8f","1962.7252239"
"0xfb3d436dddc3d923005baf5e39c4d815d21c4495838135ba0c452ddc0f9058d4","4057958","1500732069","7/22/2017 2:01:09 PM","0x8737305011408648c0c2fc6ff831d566fbaac483","0x1e6dc7d0d99703de4ac166aa5d63766fc2d94434","3000.97"
"0x8d59b03940f819f17c7dafa90c0d0262b7c6102fab21052c5cd85cd98b92b961","4057958","1500732069","7/22/2017 2:01:09 PM","0x8737305011408648c0c2fc6ff831d566fbaac483","0x104a60b52c11887b602d9ba340455d1cceca225a","3338.91178402"
"0xc7f0d4c908d965b13aa79a43d386c89befcaa06a4b1c7d285eb08fc9cf0e79eb","4057958","1500732069","7/22/2017 2:01:09 PM","0x1151314c646ce4e0efd76d1af4760ae66a9fe30f","0x5ec409eeb9342c473d040a927dd6d7dbf94ba51e","99.9"
"0xfef778f2031d22f518c01004bec37b188d38b2f64f7df59f3a14e5a02a9fb909","4057958","1500732069","7/22/2017 2:01:09 PM","0x8737305011408648c0c2fc6ff831d566fbaac483","0xd3512ac47617ed8d5d2940bbead370fcffa91455","4985"
"0xbfe98ec3a62773e28e885b044f7f616b593a66bea77885690518e342426945b4","4057960","1500732091","7/22/2017 2:01:31 PM","0x8737305011408648c0c2fc6ff831d566fbaac483","0x822fa956ad26e710604e6df68da264e14d844c00","4115.616"
"0xa6925d975e2cac1527dd242482c0cc045fc22ff90a44a2ca65d04371eb4145a6","4057965","1500732188","7/22/2017 2:03:08 PM","0x8f81085f33f91379b01069e64896a841f555ae8f","0xfbb1b73c4f0bda4f67dca266ce6ef42f520fbb98","1962.7252239"
"0x0d8081a51ed7b19bacec2db0e3d9f3abe27cef319812c26e3a996a812ac7953e","4057965","1500732188","7/22/2017 2:03:08 PM","0x5ec409eeb9342c473d040a927dd6d7dbf94ba51e","0xfbb1b73c4f0bda4f67dca266ce6ef42f520fbb98","99.9"
"0x628d3d80fcd0be3aa06850d14737df0932f6fc9c95fd947d383f61fb44e9a87c","4057966","1500732227","7/22/2017 2:03:47 PM","0xb83171f70c989437b563cd70cacc8dbd4d9a57e6","0x8737305011408648c0c2fc6ff831d566fbaac483","1999"
"0xda23418bfa7b61f2f8de754db2ad8e06fa45d655d4496c056f8f7b0caae49808","4057978","1500732411","7/22/2017 2:06:51 PM","0x1151314c646ce4e0efd76d1af4760ae66a9fe30f","0x8f81085f33f91379b01069e64896a841f555ae8f","2547.26107479"
"0x21a6fa55ff500fc3801231777e0a3eee66d29d2a780c71088af854540fe363b9","4057987","1500732510","7/22/2017 2:08:30 PM","0x8f81085f33f91379b01069e64896a841f555ae8f","0xfbb1b73c4f0bda4f67dca266ce6ef42f520fbb98","2547.26107479"
"0x0f442ac1f598165affd67c8437cdf0fba705586655f6cba51490a885bb35c714","4057996","1500732711","7/22/2017 2:11:51 PM","0x1151314c646ce4e0efd76d1af4760ae66a9fe30f","0x8f81085f33f91379b01069e64896a841f555ae8f","1558.46107475"
"0x3337e700426425ced8a5e30c3469953598b08025f39c787a4a82e76f1c42c530","4057997","1500732753","7/22/2017 2:12:33 PM","0x8737305011408648c0c2fc6ff831d566fbaac483","0x5de261a82f89711bb73ad6e011562854474df1d6","299.1"
"0xf970eb7269a16210ca14a099cfc92de84463a91ce52d57fa9d9c6518bd8ec94a","4058002","1500732858","7/22/2017 2:14:18 PM","0x8f81085f33f91379b01069e64896a841f555ae8f","0xfbb1b73c4f0bda4f67dca266ce6ef42f520fbb98","1558.46107475"
"0xcb34978a785db7cb4018ee95634f47b2f29d3e9ffd870737229a3857a1e8d881","4058004","1500732876","7/22/2017 2:14:36 PM","0x8737305011408648c0c2fc6ff831d566fbaac483","0x1cef662bae3c78e961e4df919d99349f6466c039","995.006"
"0x2928336f81bbdc8e7e2f148cde6c8332b0f7eb4372bd8f4a94501d2c81ad0e06","4058004","1500732876","7/22/2017 2:14:36 PM","0x8737305011408648c0c2fc6ff831d566fbaac483","0xd3512ac47617ed8d5d2940bbead370fcffa91455","2991"
"0xa3dac2e3bbf0114efdab0c3f46d4c0aaabe11444704dda6506cbf80d64a2a948","4058006","1500732956","7/22/2017 2:15:56 PM","0x8737305011408648c0c2fc6ff831d566fbaac483","0x5de261a82f89711bb73ad6e011562854474df1d6","475.1341086"
"0x519b40fac26d05f64e1646d6c551387f78c99640b24c3c8dba13baf12799fd5a","4058032","1500733336","7/22/2017 2:22:16 PM","0x2ebb507b1da5b2619515d542a8af27b0747a6bc2","0xbd7f4c9cd74de8f37eda3e5a5fe878b2b9aad3b0","10208.9397"
"0x57f48c95eaa95e64ddbb78ac75088c78e4d68df57c60b1511520fc5946e37068","4058033","1500733380","7/22/2017 2:23:00 PM","0xfbb1b73c4f0bda4f67dca266ce6ef42f520fbb98","0x8bbb73bcb5d553b5a556358d27625323fd781d37","7825.82699207"
"0xd8aad90f06987b1c9f7feb5dab58bf69c454f774005a9728079d72089a8838f7","4058045","1500733510","7/22/2017 2:25:10 PM","0xfbb1b73c4f0bda4f67dca266ce6ef42f520fbb98","0x83bc10cbecb0e283304182260201cfdd11a0cca2","12.524172"
"0x55187771d657606a18f0cd048f2b3b675c8c79eafac96fbfe67baa408e95965b","4058055","1500733632","7/22/2017 2:27:12 PM","0x1162dc41b756c754e80f3bd3f1668097ae3cb249","0x7da3000701056b0508066e6d061ecb0e8318fa98","999.5"
"0xe481f16317cd8c1ef7319d80af49cb698fa03a9dd67ba16832275cc57d0dfab7","4058060","1500733699","7/22/2017 2:28:19 PM","0x8bbb73bcb5d553b5a556358d27625323fd781d37","0x1151314c646ce4e0efd76d1af4760ae66a9fe30f","7825.82699207"
"0x568f6f6c4f8a756e98db1739c05d251c3147b195351688bf79f24e08e67ed83f","4058065","1500733791","7/22/2017 2:29:51 PM","0x83bc10cbecb0e283304182260201cfdd11a0cca2","0x1151314c646ce4e0efd76d1af4760ae66a9fe30f","12.524172"
"0xbef08728608bede67ad3f0d1627a1e53425b13f0c9e41de7fce12959c1d66f3e","4058067","1500733931","7/22/2017 2:32:11 PM","0xfbb1b73c4f0bda4f67dca266ce6ef42f520fbb98","0x8bbb73bcb5d553b5a556358d27625323fd781d37","1612.45607476"
"0xc08448a8a6a0f821430b35f4a5e217cb0908088ebf7d2410353d6ae08e2f7a74","4058070","1500733956","7/22/2017 2:32:36 PM","0x8bbb73bcb5d553b5a556358d27625323fd781d37","0x1151314c646ce4e0efd76d1af4760ae66a9fe30f","1612.45607476"
"0x92dc89e0c489ac05ffd61e44e8cb838312011b99c1c79fa6a21359d7a3fa041f","4058080","1500734124","7/22/2017 2:35:24 PM","0x7da3000701056b0508066e6d061ecb0e8318fa98","0x8737305011408648c0c2fc6ff831d566fbaac483","999.5"
"0x7a59624db2966953a35b099b86e171aa385f3cbcbb45924d8305d4b237f23a6c","4058092","1500734233","7/22/2017 2:37:13 PM","0x2ebb507b1da5b2619515d542a8af27b0747a6bc2","0xa670b870fbda9a758ee09f62232732b9de479d0f","706.584"
"0xc7d6fd5f432448cae904120f72a7aca04ea810e20217b4010d0b0e223bfa59f1","4058097","1500734338","7/22/2017 2:38:58 PM","0xfbb1b73c4f0bda4f67dca266ce6ef42f520fbb98","0x865a4fe855e68ad3d9c855b67c2a2a7145094810","1523.99"
"0xa8a51ca8d8f7830fe9a0081da476acd56c2bc1977de395487e262f764d1d0d85","4058097","1500734338","7/22/2017 2:38:58 PM","0xfbb1b73c4f0bda4f67dca266ce6ef42f520fbb98","0x6934e8c483378009e27932b3b89a5af6f02f98ff","15"
"0xfa946892e546b0feb1fb8a46c0c41c888c300c274cae66d4f658ebf4a8e5bf6e","4058104","1500734500","7/22/2017 2:41:40 PM","0x1151314c646ce4e0efd76d1af4760ae66a9fe30f","0x849cdcb97d325f036fcbab15c0c575f3f1359c5b","381.9"
"0x2a6a53cc808059d7ec7994ab6382777fb8b4d94fd9cd67f95013213767ce82b3","4058107","1500734569","7/22/2017 2:42:49 PM","0x74bf6338553d77376d7ccf2a0971102225820de5","0x93c994e12948e8e14fd7bd0f373b5bb40b6ab221","3806.2959"
"0x0e1dbf7a97a8c40d40ecdd89fcc1c789f7edfed4b5b8a16b7c3d259a5a3a08d7","4058111","1500734735","7/22/2017 2:45:35 PM","0xfbb1b73c4f0bda4f67dca266ce6ef42f520fbb98","0xba09dcf69a28f28df6e5a485582064f707c7d4d4","0.99"
"0xf838cde65fe9bbe82e6167fb1bba8e88807c3cfb98e7dcef6462735070a2cde4","4058111","1500734735","7/22/2017 2:45:35 PM","0xa670b870fbda9a758ee09f62232732b9de479d0f","0x8737305011408648c0c2fc6ff831d566fbaac483","706.584"
"0xad89c93e5c1e8127dd5749bc4e0f75fd6fc0598398d955b625912f2a46f895d4","4058113","1500734824","7/22/2017 2:47:04 PM","0xfbb1b73c4f0bda4f67dca266ce6ef42f520fbb98","0xa7a8182ae791cfdf3c134c21110cd4b4a3f2a935","1499.99"
"0x22067af9f78c3adcfb77ab01bcb2a5d655c6a4ca78f7baec46fe4d4217eb27b3","4058115","1500734855","7/22/2017 2:47:35 PM","0x1921e3d8e32d84e05d4aaa2f805bb8538b7954bc","0xf994f6fec14bd2160fdd56e95ea3a1d2118f6013","9500"
"0x9b060d4df56ca73f542c584ba041027cde073ab05b14fc03c6b21604d055b645","4058123","1500734995","7/22/2017 2:49:55 PM","0x8737305011408648c0c2fc6ff831d566fbaac483","0x7f590778907844fe0b6778ed3af581f793d3b7dc","1846.11499"
"0x6e294762da55f8082f3026d594714a72d01756c83e49a63bad1a5b6a45ea511c","4058124","1500735015","7/22/2017 2:50:15 PM","0xf994f6fec14bd2160fdd56e95ea3a1d2118f6013","0xfbb1b73c4f0bda4f67dca266ce6ef42f520fbb98","9500"
"0x0e0854986bdfae7802c4be2e9babb633a5760bed7d89d4f2fb8d4566d3dbb1c0","4058126","1500735039","7/22/2017 2:50:39 PM","0x849cdcb97d325f036fcbab15c0c575f3f1359c5b","0x8737305011408648c0c2fc6ff831d566fbaac483","381.9"
"0x885f753d96856c1e47f5e289001ff71684f3c43c5ec25e5445265fb7fd20a8a3","4058129","1500735107","7/22/2017 2:51:47 PM","0xa7a8182ae791cfdf3c134c21110cd4b4a3f2a935","0x8737305011408648c0c2fc6ff831d566fbaac483","1499.99"
"0x3b918c01f34b220ab839b7053d8ea64ac587c87f7af5371af34a853355fd730f","4058142","1500735348","7/22/2017 2:55:48 PM","0xba09dcf69a28f28df6e5a485582064f707c7d4d4","0x1df6e952cfc837f4ef1f8dd6fb0b3e75335d5b66","0.99"
"0xfa36e9b669d9ffe4fe98a62604fd65969f49a2d396482fe965957a9d4f3bbb9e","4058147","1500735575","7/22/2017 2:59:35 PM","0xfbb1b73c4f0bda4f67dca266ce6ef42f520fbb98","0x4c028b5b37f5f66b3bb5845de78ebf6085e745a3","404.99"
"0xfc423e3f181169f31eead106ed6ecb6e089872537b81833095329847e8144934","4058148","1500735586","7/22/2017 2:59:46 PM","0xfbb1b73c4f0bda4f67dca266ce6ef42f520fbb98","0x83bc10cbecb0e283304182260201cfdd11a0cca2","22.00420372"
"0x8540a195b3fb2b11b4908a20049f9d9f14825b03263db2bfd324bdc9e064ed2e","4058152","1500735651","7/22/2017 3:00:51 PM","0x1df6e952cfc837f4ef1f8dd6fb0b3e75335d5b66","0xfbb1b73c4f0bda4f67dca266ce6ef42f520fbb98","0.99"
"0xacba67ef82b5da19681dac094512e4eeeb5091ae5836e757423b341f47c4501d","4058155","1500735706","7/22/2017 3:01:46 PM","0x1151314c646ce4e0efd76d1af4760ae66a9fe30f","0x4813adf59d2eb280927390eb6d77ca616bddc0dc","24.9963953"
"0xd97d7046f38e13fbfe5a9c7e29e6b60793cbe33630c52a4dd122301a39d81e4a","4058157","1500735775","7/22/2017 3:02:55 PM","0x83bc10cbecb0e283304182260201cfdd11a0cca2","0x1151314c646ce4e0efd76d1af4760ae66a9fe30f","22.00420372"
"0x21a6d23379225660f5a39c430c9c044ccc7798eeb0a60d07ce43f3292064516b","4058165","1500735857","7/22/2017 3:04:17 PM","0x4c028b5b37f5f66b3bb5845de78ebf6085e745a3","0x8737305011408648c0c2fc6ff831d566fbaac483","404.99"
"0xe3fa1b8075db4db2934123ca1374e45bee2da89717b53fe61cf634c0ceb96fff","4058169","1500735930","7/22/2017 3:05:30 PM","0x6c95f4b6a1d51d56760b2832c8b2eff7f17d7aaa","0x689f5466adfbb1f076f24ec4a7d08de48deae10f","20"
"0x3725358a191af96991889bd6ee221ef5f2b3e10c0402bc4bba068467efc6da9a","4058174","1500736014","7/22/2017 3:06:54 PM","0x4813adf59d2eb280927390eb6d77ca616bddc0dc","0xfbb1b73c4f0bda4f67dca266ce6ef42f520fbb98","24.9963953"
"0x74412598373cb489f4136dfa84afc9c016ad299af3d19c8b149a3f92ec705dd0","4058175","1500736057","7/22/2017 3:07:37 PM","0xfbb1b73c4f0bda4f67dca266ce6ef42f520fbb98","0x8d01926ce14c821370151424fd2d9b4e7b05927b","369.99695"
"0x9026ed7d7532348ddccd121c07a06c5a03136ce5d7ff90417407cde157f28dfc","4058189","1500736357","7/22/2017 3:12:37 PM","0x689f5466adfbb1f076f24ec4a7d08de48deae10f","0x8737305011408648c0c2fc6ff831d566fbaac483","20"
"0xfb9cadbc65bef5977edb87f4b68b9db5f70fac43680543bfe1e854214d533652","4058194","1500736457","7/22/2017 3:14:17 PM","0x6c95f4b6a1d51d56760b2832c8b2eff7f17d7aaa","0x689f5466adfbb1f076f24ec4a7d08de48deae10f","1980"
"0xece21754ea285eec975d546f90b8944ae6f3b4a5060da536481b65d2e71402fa","4058196","1500736585","7/22/2017 3:16:25 PM","0x5e575279bf9f4acf0a130c186861454247394c06","0x1cef662bae3c78e961e4df919d99349f6466c039","278"
"0xc325e6f784253772190eab2c7741a235ac5c1a8489d93cbb2b9a66af320c799d","4058210","1500736814","7/22/2017 3:20:14 PM","0xce9450f366bb61874f90484d05f30cc44c1d72dd","0xfffd971397d1896e9b8b37457c8356873452fc96","125000"
"0xda1e3d602bc9b129cc70e69c3102e33e5e7da12ce7011a99f02ebc8f0435bab4","4058214","1500736899","7/22/2017 3:21:39 PM","0xfbb1b73c4f0bda4f67dca266ce6ef42f520fbb98","0x8bbb73bcb5d553b5a556358d27625323fd781d37","3096.1843336"
"0xd67f7dae56eadffe6dea5227d94d222beae488c1a9fb15a8a70a5cf380b92f5b","4058214","1500736899","7/22/2017 3:21:39 PM","0x689f5466adfbb1f076f24ec4a7d08de48deae10f","0x8737305011408648c0c2fc6ff831d566fbaac483","1980"
"0x71db1f2fde80e3775a98212c3253013e00627723d9c0187efaf1cd873188f141","4058225","1500737004","7/22/2017 3:23:24 PM","0xfbb1b73c4f0bda4f67dca266ce6ef42f520fbb98","0x689f5466adfbb1f076f24ec4a7d08de48deae10f","414.67906457"
"0x113171b1ed6edc7e71451db67c0ace6db6cbf0ddf5880b2c6ceedd03fb174dcf","4058225","1500737004","7/22/2017 3:23:24 PM","0xfbb1b73c4f0bda4f67dca266ce6ef42f520fbb98","0xf20c1b76e6d4ce432dcbc11d78d3c7c2f9d71b17","2361.16"
"0x4e4196754d185207e3ef924bbd47d5650e3f114421c46a6003ce732a1bc60757","4058233","1500737122","7/22/2017 3:25:22 PM","0xfbb1b73c4f0bda4f67dca266ce6ef42f520fbb98","0x8bbb73bcb5d553b5a556358d27625323fd781d37","2536.52500002"
"0xc062a5f15ffa23eb4163adaee61fdd96b809aa57820dd1edd1dbc1617104ff74","4058234","1500737137","7/22/2017 3:25:37 PM","0xce9450f366bb61874f90484d05f30cc44c1d72dd","0xfa85cf6b0211c86515ec9ee8d106d60d250610be","30000"
"0xe130c81a17c15b02da7b8a6d9752e4697e4dcec98c80c5b5ab5b5bfad7786369","4058235","1500737204","7/22/2017 3:26:44 PM","0x8bbb73bcb5d553b5a556358d27625323fd781d37","0x1151314c646ce4e0efd76d1af4760ae66a9fe30f","5632.70933362"
"0x0ccd895bc082c429669840422a8e74761da3303aaa6568c4276a6dbff566e46b","4058237","1500737272","7/22/2017 3:27:52 PM","0xfbb1b73c4f0bda4f67dca266ce6ef42f520fbb98","0xbd4bfedd09dfec641fae884012bf3891b31541c7","644.99"
"0x0adad7d5f8c33fbb8115cad165b5f6bbcb720b3a565460835540ba4dc8ab4e38","4058241","1500737378","7/22/2017 3:29:38 PM","0xf20c1b76e6d4ce432dcbc11d78d3c7c2f9d71b17","0x8737305011408648c0c2fc6ff831d566fbaac483","2361.16"
"0x2312e02cecdd692c96f9c3514441dc0c814427a320e8263b4a9880192bb56b31","4058241","1500737378","7/22/2017 3:29:38 PM","0x689f5466adfbb1f076f24ec4a7d08de48deae10f","0x8737305011408648c0c2fc6ff831d566fbaac483","414.67906457"
"0x67256f5ef2d2f9b9e39bf12ad176ff7baca51636843e4a2c5145a5b915fb37e3","4058258","1500737745","7/22/2017 3:35:45 PM","0xfbb1b73c4f0bda4f67dca266ce6ef42f520fbb98","0x83bc10cbecb0e283304182260201cfdd11a0cca2","8.23309455"
"0xfa35fcdd87475ecb1ed89caf07070a9f34e506e2c5b2e4eda6a0b3246f021544","4058285","1500737973","7/22/2017 3:39:33 PM","0xfbb1b73c4f0bda4f67dca266ce6ef42f520fbb98","0x8bbb73bcb5d553b5a556358d27625323fd781d37","1457.33441055"
"0x2c0b024f14f251fc6d5c4616993e4129d71f85d3527858cc5c7b7cf5824eb275","4058287","1500738021","7/22/2017 3:40:21 PM","0x83bc10cbecb0e283304182260201cfdd11a0cca2","0x1151314c646ce4e0efd76d1af4760ae66a9fe30f","8.23309455"
"0xce501840fffd608a8f24f784be99b0f52cb10ce15eff0c3410f7aae57b884c3f","4058299","1500738196","7/22/2017 3:43:16 PM","0x8bbb73bcb5d553b5a556358d27625323fd781d37","0x1151314c646ce4e0efd76d1af4760ae66a9fe30f","1457.33441055"
"0xe56e63e4053090264ba2f22f0f1f2f25cdf6c557519cb710bf2b27a6da11d37e","4058310","1500738338","7/22/2017 3:45:38 PM","0xfbb1b73c4f0bda4f67dca266ce6ef42f520fbb98","0x1efe182ddb9b82bfb3afa3614ed28e20232b8730","699.98284619"
"0x4d763e225469d110f1f04b52a0031feb8d12c2c3b82b195749774776b546ca25","4058311","1500738348","7/22/2017 3:45:48 PM","0x1151314c646ce4e0efd76d1af4760ae66a9fe30f","0x8f81085f33f91379b01069e64896a841f555ae8f","2812.9029928"
"0x67043736b1f1079fbc7fa59f141277336bfba947b6305873357733f765932079","4058315","1500738479","7/22/2017 3:47:59 PM","0x8f81085f33f91379b01069e64896a841f555ae8f","0xfbb1b73c4f0bda4f67dca266ce6ef42f520fbb98","2812.9029928"
"0xefcfefd2bf0e68fd4d142532abb88f7325e4041ab5da63da9396aa0f4a393a48","4058327","1500738683","7/22/2017 3:51:23 PM","0x1efe182ddb9b82bfb3afa3614ed28e20232b8730","0x5e575279bf9f4acf0a130c186861454247394c06","699.98284619"
"0xd7d66198fc4943fb00677cdeacf357aecdf4798a1637182214703be458cc85e6","4058332","1500738775","7/22/2017 3:52:55 PM","0x1151314c646ce4e0efd76d1af4760ae66a9fe30f","0x8f81085f33f91379b01069e64896a841f555ae8f","1396.60459884"
"0x5bfb1fb21f067035cb538bf35ffb99d33b8515750fdde2c7b7226e70295ed799","4058338","1500738933","7/22/2017 3:55:33 PM","0x8f81085f33f91379b01069e64896a841f555ae8f","0xfbb1b73c4f0bda4f67dca266ce6ef42f520fbb98","1396.60459884"
"0x18922ceb0b2ba24bedd8b6e80d2ef7038b23d64f15e67a9fe8ae8814d773fd78","4058363","1500739327","7/22/2017 4:02:07 PM","0xfbb1b73c4f0bda4f67dca266ce6ef42f520fbb98","0x50af27f94c80ca1825dcc6d4bd485d07cbae2762","790.611"
"0x8c20fdb26a10f6b171ea0068607266aac72cb4889fbfaf86e143689f09ebdb18","4058366","1500739448","7/22/2017 4:04:08 PM","0x5e575279bf9f4acf0a130c186861454247394c06","0xb30b5a9dd911f5d22b0aae34ae4342ffce057279","413.81979969"
"0x4b94f2578a0d758145119b8321b81699042129fdf72cbe759a40f1ed7e8d4141","4058371","1500739547","7/22/2017 4:05:47 PM","0xfbb1b73c4f0bda4f67dca266ce6ef42f520fbb98","0xc18a98ddf6188da4a260afd15f805f4f465aeed8","0.99"
"0x4f7ef4367a3397728fb3d91a4d0dda3e4cad9cfd55810834073a2825769a9741","4058371","1500739547","7/22/2017 4:05:47 PM","0xfbb1b73c4f0bda4f67dca266ce6ef42f520fbb98","0x33f3850c361dd83f432367dd63072e194c745f75","3648.99"
"0x47a7cd2211ede950f709842faacb4484dff492972acc01ea6ea5e4e89576fa6e","4058371","1500739547","7/22/2017 4:05:47 PM","0x1151314c646ce4e0efd76d1af4760ae66a9fe30f","0xdc1259fef40e667d84077e70dc153bbc0d5dc983","2000.91550752"
"0x472b808c710d79d31b39dbb27f4d17c1b0fad3d36f408ccb573366b380f3e5ec","4058371","1500739547","7/22/2017 4:05:47 PM","0x1151314c646ce4e0efd76d1af4760ae66a9fe30f","0x0556d202416ab80314ca8d65a12e3aaae5bc6c86","975.2"
"0x305b228dc42b32da9037c28b0a77ff7ba0637e243859d5eb020967d3a46f043b","4058371","1500739547","7/22/2017 4:05:47 PM","0x1151314c646ce4e0efd76d1af4760ae66a9fe30f","0x5e3bdf29398780a701710a29cc453019b88af4e3","936"
"0x29f46e21effab854e43c94b27915804daae460a00fa2792d5e8852eae445cacc","4058371","1500739547","7/22/2017 4:05:47 PM","0x1151314c646ce4e0efd76d1af4760ae66a9fe30f","0x7a92cdc003f2f367d56046b24f47c3ba3d6646f7","9.8"
"0x2bd853543a5d19328d6f06eb9e65cb892645a4c209f5bd861404cad46a0c1ce2","4058376","1500739696","7/22/2017 4:08:16 PM","0x0556d202416ab80314ca8d65a12e3aaae5bc6c86","0xfbb1b73c4f0bda4f67dca266ce6ef42f520fbb98","975.2"
"0x1ed151ca3e18909ce18b6ad59b57e38e458d5704ca8dba4b33cedd6cb34a6919","4058379","1500739782","7/22/2017 4:09:42 PM","0xfbb1b73c4f0bda4f67dca266ce6ef42f520fbb98","0xd17d7dd2eebfb003de0b293e6c7a4dddbbde2975","839.99"
"0x7a27174d3e0d59c62cf655972b73508c4195db8da59ce40f227b7d2d7f6478b5","4058382","1500739818","7/22/2017 4:10:18 PM","0x50af27f94c80ca1825dcc6d4bd485d07cbae2762","0x8737305011408648c0c2fc6ff831d566fbaac483","790.611"
"0xe9cb4a7d83f867337060d564c96bce7f647520b3bafb3623fac14afadc27542e","4058385","1500739843","7/22/2017 4:10:43 PM","0x1151314c646ce4e0efd76d1af4760ae66a9fe30f","0x8f81085f33f91379b01069e64896a841f555ae8f","4104.87559839"
"0x2a1ad9cd54e2dddeecb8c0179af6e3586124c7605dbdc0b382d7fcff86b821b5","4058387","1500739882","7/22/2017 4:11:22 PM","0xd17d7dd2eebfb003de0b293e6c7a4dddbbde2975","0xfbb1b73c4f0bda4f67dca266ce6ef42f520fbb98","839.99"
"0x3d3f0393a72f56c8e769f9ade0645f8c9c152affb56eb04dd50d40200a1549d7","4058389","1500739901","7/22/2017 4:11:41 PM","0x7a92cdc003f2f367d56046b24f47c3ba3d6646f7","0x1151314c646ce4e0efd76d1af4760ae66a9fe30f","9.8"
"0xf6ff7358904f6f551339f3818090fa4f3617a51ed564e0793bd2d97a35374cba","4058389","1500739901","7/22/2017 4:11:41 PM","0x1151314c646ce4e0efd76d1af4760ae66a9fe30f","0x6cd9a96a155edeb492e5f6f4e58b867eac0d8da2","3053"
"0x3573522e257eb354b2d09a6161af82982665198e9f30566bc973073cf2726be2","4058391","1500739936","7/22/2017 4:12:16 PM","0x33f3850c361dd83f432367dd63072e194c745f75","0x8737305011408648c0c2fc6ff831d566fbaac483","3648.99"
"0x1ea3c4f7d40863cef03cfede2efeb378cee7cb3ebfedcb472c24f6e764e6af7e","4058401","1500740094","7/22/2017 4:14:54 PM","0xfbb1b73c4f0bda4f67dca266ce6ef42f520fbb98","0x56945063e32c6070f22a5106ea2326d3cef8a008","1817.94262346"
"0x5bb911ab7cba04af90c4d5a26ffa058d8340cec11eb6d8aff267708b42e585d3","4058401","1500740094","7/22/2017 4:14:54 PM","0x8f81085f33f91379b01069e64896a841f555ae8f","0xfbb1b73c4f0bda4f67dca266ce6ef42f520fbb98","4104.87559839"
"0x5684ab3e0ed52596a277732b597b5812b158f9e0620a0997631c8df0784f729c","4058404","1500740152","7/22/2017 4:15:52 PM","0x1151314c646ce4e0efd76d1af4760ae66a9fe30f","0x8f81085f33f91379b01069e64896a841f555ae8f","3021.64089352"
"0xc54b6bd7708d636469d3479115e6898a367aae8cd8889aeec644088f159f0326","4058407","1500740235","7/22/2017 4:17:15 PM","0x8f81085f33f91379b01069e64896a841f555ae8f","0xfbb1b73c4f0bda4f67dca266ce6ef42f520fbb98","3021.64089352"
"0xc77953bf385078597077c3167312535887c7a01efb7fac8c49bdb66d56089d70","4058408","1500740239","7/22/2017 4:17:19 PM","0x6cd9a96a155edeb492e5f6f4e58b867eac0d8da2","0x8737305011408648c0c2fc6ff831d566fbaac483","3053"
"0x831266a663dfa63801eabe4e6857f782f86e3eb29f0f1d830b2d1513f9e8796a","4058413","1500740272","7/22/2017 4:17:52 PM","0x1151314c646ce4e0efd76d1af4760ae66a9fe30f","0x3ae3c1721957348874f3be17eada23a9ffdeeb0f","25847.19837457"
"0xa8cccf05268aecde4141d0e1b9065a3d8196f96d13dce78e37def0028551e302","4058418","1500740387","7/22/2017 4:19:47 PM","0x56945063e32c6070f22a5106ea2326d3cef8a008","0x8737305011408648c0c2fc6ff831d566fbaac483","1817.94262346"
"0x909cb801ba6956047ad8def3dd875d22cda9596f6fa0af757b94686d854fe407","4058419","1500740398","7/22/2017 4:19:58 PM","0x06470cb6d91c3b8560f4b4dcfae6b488b88cae23","0xb72b71403d72d264fc336948de8709ff6ef62ea9","2100"
"0x8a554293e8bec015358749885085a57d3209a571afe9bbda134e9ed0239ae1fe","4058419","1500740398","7/22/2017 4:19:58 PM","0x8d12a197cb00d4747a1fe03395095ce2a5cc6819","0xe8f7355a17fc67219fd6d15fc9ffd5662977957b","1000"
"0x84c87991152c54fb84445efaa4992efd3092e3433cadedb6475b24a74f241ca1","4058423","1500740445","7/22/2017 4:20:45 PM","0x1151314c646ce4e0efd76d1af4760ae66a9fe30f","0x487ffd967d2d181b6b2cfa7b964bc447365ff7a5","128.9"
"0x87a3130a62fa7ec65981ec5ee5773b8345a74a349754ba74c9b809e33190dc18","4058430","1500740606","7/22/2017 4:23:26 PM","0x3ae3c1721957348874f3be17eada23a9ffdeeb0f","0x8737305011408648c0c2fc6ff831d566fbaac483","25847.19837457"
"0xbc012ea580f665626662e920aa0a2fda3d54c4c3ac8413f957796cc68174ce7c","4058437","1500740750","7/22/2017 4:25:50 PM","0x1151314c646ce4e0efd76d1af4760ae66a9fe30f","0x1069f365bb928e26040d6e5ec765f7ea112fa677","968.3684132"
"0xa11568706c4a19cccca309da411b1ce0aace66562611cd0adf394b39de87ddcb","4058441","1500740802","7/22/2017 4:26:42 PM","0x1151314c646ce4e0efd76d1af4760ae66a9fe30f","0x4c028b5b37f5f66b3bb5845de78ebf6085e745a3","125.9"
"0xed2ed2ec3f1d6ed2e04f292ae31e7235c9fa7f25115c05b4907731514290f879","4058446","1500740874","7/22/2017 4:27:54 PM","0x06470cb6d91c3b8560f4b4dcfae6b488b88cae23","0x679e4d867823b71e9446f96fbb7dccd70155da93","2100"
"0xa977e39c598669c5133412fc5e9fd27eaa5963bf6377bb790b769efded4a2974","4058455","1500741094","7/22/2017 4:31:34 PM","0x1069f365bb928e26040d6e5ec765f7ea112fa677","0x8737305011408648c0c2fc6ff831d566fbaac483","968.3684132"
"0x7a731dc7cf464e84c6e3722b50de56d8e59aa83f85f07069d32ae5b4a8c29d46","4058458","1500741147","7/22/2017 4:32:27 PM","0x4c028b5b37f5f66b3bb5845de78ebf6085e745a3","0x8737305011408648c0c2fc6ff831d566fbaac483","125.9"
"0xd417b1f1f9d9329860e57d3ebec6bcd63b6a54565e3f6915ef170a09ee02bda5","4058467","1500741233","7/22/2017 4:33:53 PM","0xfbb1b73c4f0bda4f67dca266ce6ef42f520fbb98","0x33f3850c361dd83f432367dd63072e194c745f75","3699.99"
"0xe14d34a7043a474ddfaa3b848f64eed1456d1e79f227c97f034105238422efe4","4058474","1500741350","7/22/2017 4:35:50 PM","0x1151314c646ce4e0efd76d1af4760ae66a9fe30f","0x4c028b5b37f5f66b3bb5845de78ebf6085e745a3","685.9"
"0x1f3a7964438e9be6840a58c477dd2c2ed1c1f0011f9cf2f290d81418fe5204fa","4058474","1500741350","7/22/2017 4:35:50 PM","0x1151314c646ce4e0efd76d1af4760ae66a9fe30f","0x5861c78e2a6f99500353328ff4610846862f6210","429.291"
"0x1dfdecf68026036575e3997e040ba259645bd781dac77a0848ca0adde4997f6f","4058483","1500741496","7/22/2017 4:38:16 PM","0x33f3850c361dd83f432367dd63072e194c745f75","0x8737305011408648c0c2fc6ff831d566fbaac483","3699.99"
"0x974c5a86f2f416d18982d2e1872523c10db474a3c58b4bacb483213ed76864f3","4058483","1500741496","7/22/2017 4:38:16 PM","0xfbb1b73c4f0bda4f67dca266ce6ef42f520fbb98","0x50ded9b6d2452b4379e6ccea440217045562d010","433.59814004"
"0x975f9cd17ca35d1f6a10d173b08baf63cd5950380f716644f87fd32f0063b7c2","4058483","1500741496","7/22/2017 4:38:16 PM","0xfbb1b73c4f0bda4f67dca266ce6ef42f520fbb98","0xdc51ad7158f8203bbecc9fd72b3b55484f8e951d","9.99"
"0x9947cafd7f9c1d04de18b03dad2eed7122e3bc1d33d14dcf3e14c0ad3e858b35","4058490","1500741649","7/22/2017 4:40:49 PM","0x4c028b5b37f5f66b3bb5845de78ebf6085e745a3","0x8737305011408648c0c2fc6ff831d566fbaac483","685.9"
"0xa08b2c91a750cb30bc27cab52a0403ddffa395bd9ac38ade91941f5b6d14206b","4058490","1500741649","7/22/2017 4:40:49 PM","0x5861c78e2a6f99500353328ff4610846862f6210","0x8737305011408648c0c2fc6ff831d566fbaac483","429.291"
"0xda87c921c6bfd3a61e81f3a6a1957e68d0d342d399be44d49f4cdea9b5fee4da","4058490","1500741649","7/22/2017 4:40:49 PM","0x1ed949c123fa73bb58441fe2ae4bf1b56b49d1ba","0x40c3be16b5417c1c1590de37e5d6cc75adae0444","100"
"0xa3596762173f1cc386110bc85f95868d929d4e490a7f0818c4b5a56a73b26eb1","4058490","1500741649","7/22/2017 4:40:49 PM","0xfbb1b73c4f0bda4f67dca266ce6ef42f520fbb98","0xdc51ad7158f8203bbecc9fd72b3b55484f8e951d","109.99"
"0xbf746b41f28064afd314ec55503af30b19ada874935d5c237e6569548aa3dd6b","4058498","1500741830","7/22/2017 4:43:50 PM","0x1151314c646ce4e0efd76d1af4760ae66a9fe30f","0x8f81085f33f91379b01069e64896a841f555ae8f","1420.73077087"
"0x5cf4d65ed83f37b88be6eadb41ba824d8150fc3186e51429ed8523dc9d02273f","4058499","1500741837","7/22/2017 4:43:57 PM","0xfbb1b73c4f0bda4f67dca266ce6ef42f520fbb98","0x33f3850c361dd83f432367dd63072e194c745f75","3679.99"
"0x28db40188e1ed79fb4de2c2c09e3e2710efbb8293931580bfa6f12101a4163d6","4058506","1500741928","7/22/2017 4:45:28 PM","0x8f81085f33f91379b01069e64896a841f555ae8f","0xfbb1b73c4f0bda4f67dca266ce6ef42f520fbb98","1420.73077087"
"0x32f2a37f010a3319d01fbf83c5e6cf788c39c98e8a77823028d60b0b51b59b76","4058510","1500742032","7/22/2017 4:47:12 PM","0x679e4d867823b71e9446f96fbb7dccd70155da93","0x49de88afdb21a8c83d8b933d7ccf8468e496cd29","2100"
"0xe9d846e708cb546890bbf15cd850660f4e41f933654152b5dd2ad85f2f72439c","4058511","1500742049","7/22/2017 4:47:29 PM","0x40c3be16b5417c1c1590de37e5d6cc75adae0444","0x8737305011408648c0c2fc6ff831d566fbaac483","100"
"0xf2d862067fd86d125dc923a73689d86ff8281501781f4d64536b05220e64cb94","4058515","1500742109","7/22/2017 4:48:29 PM","0x33f3850c361dd83f432367dd63072e194c745f75","0x8737305011408648c0c2fc6ff831d566fbaac483","3679.99"
"0xcb89ebf7800abb53fac6824e108d319500c9a126e676ed0ecd99b7de0be95e6a","4058516","1500742126","7/22/2017 4:48:46 PM","0x1ed949c123fa73bb58441fe2ae4bf1b56b49d1ba","0x40c3be16b5417c1c1590de37e5d6cc75adae0444","1714.8909"
"0x84f1c77cfa3448c72db9bfff296d756c941780b678f8beda7558cd489c855a3e","4058520","1500742183","7/22/2017 4:49:43 PM","0x1151314c646ce4e0efd76d1af4760ae66a9fe30f","0x8f81085f33f91379b01069e64896a841f555ae8f","5726.95"
"0x42848a153bb855d9cb0d8461409627a25b1e159ea63a2d4efb8728d96f80fa44","4058521","1500742203","7/22/2017 4:50:03 PM","0xfbb1b73c4f0bda4f67dca266ce6ef42f520fbb98","0xacd6907329d29d6ee83d1b97d4a53c0638c7abbd","300"
"0xaaabd65cdfa8ab3b5fbeaf55ecd9433f42752755d2af5a137b8c379b4ac5103b","4058521","1500742203","7/22/2017 4:50:03 PM","0xfbb1b73c4f0bda4f67dca266ce6ef42f520fbb98","0x33f3850c361dd83f432367dd63072e194c745f75","3679.99"
"0x770dc9f00d7c6ebad09061054ae080e9451c731169b4e3b9ff876daf6c436f96","4058522","1500742219","7/22/2017 4:50:19 PM","0x8f81085f33f91379b01069e64896a841f555ae8f","0xfbb1b73c4f0bda4f67dca266ce6ef42f520fbb98","5726.95"
"0xd208979dce2b2f59aa71c445f164128cc00caaae2853e4d0f7c55d891913eb81","4058529","1500742323","7/22/2017 4:52:03 PM","0xfbb1b73c4f0bda4f67dca266ce6ef42f520fbb98","0x33f3850c361dd83f432367dd63072e194c745f75","3679.99"
"0x7baeae19851af8541f8dd4927f6d7fcdcf23d8e6f9c9613d45640454eae109a9","4058530","1500742372","7/22/2017 4:52:52 PM","0x1151314c646ce4e0efd76d1af4760ae66a9fe30f","0x8f81085f33f91379b01069e64896a841f555ae8f","8166.67117009"
"0x749b15088e1d1a94ae719eafcd2fed13def6c6c929efc5073342ecbc3492ef7e","4058531","1500742390","7/22/2017 4:53:10 PM","0x2ebb507b1da5b2619515d542a8af27b0747a6bc2","0xbbc0516e88e6b613d49fde3241ce8f5183bb2b43","40058.5159"
"0x2f69a3ee586e3d8828c3d3bc9f299a3abd095bfe654ce0781fe44fd2f54e7128","4058532","1500742418","7/22/2017 4:53:38 PM","0x40c3be16b5417c1c1590de37e5d6cc75adae0444","0x8737305011408648c0c2fc6ff831d566fbaac483","1714.8909"
"0x55ad6acebec6ebad7c3b33b189bd6e21ad9c2ba48f58cc5fd328b870c7d6f5a9","4058533","1500742464","7/22/2017 4:54:24 PM","0xfbb1b73c4f0bda4f67dca266ce6ef42f520fbb98","0x90ce1cb9ad5404dbb35aecd56cf4da0fe1553c6a","199.99"
"0x9e240b49168750eb4940ba6ad58cd345bf715327b8315fd681f7a8a85be36127","4058538","1500742591","7/22/2017 4:56:31 PM","0x8f81085f33f91379b01069e64896a841f555ae8f","0xfbb1b73c4f0bda4f67dca266ce6ef42f520fbb98","8166.67117009"
"0x9fa57cdde38cd4d3fc1ff1f74517b44d2c85eb13de33fa5c068833e27458ddf1","4058538","1500742591","7/22/2017 4:56:31 PM","0xfbb1b73c4f0bda4f67dca266ce6ef42f520fbb98","0x50684ec58ecf4c7fc2c98b4290368b58cee8efce","8.74990107"
"0xf32ccf867172d0a6f925e222b07c6849dab4e5d6d2c7ae9adb1e0c345b7dda49","4058538","1500742591","7/22/2017 4:56:31 PM","0x33f3850c361dd83f432367dd63072e194c745f75","0x8737305011408648c0c2fc6ff831d566fbaac483","7359.98"
"0x04f2875ef2b71f487d51bc986fe9dbcfb1439f6eb1dab3249912817e309964f1","4058545","1500742697","7/22/2017 4:58:17 PM","0xfbb1b73c4f0bda4f67dca266ce6ef42f520fbb98","0xf918a086ce1f10a970c78baf570d742abf301b7e","3427.82505155"
"0x04de7983961d3695f20fcc8b5d80854b77b3ddabcdf14d3b56bd3cc51fe33ebe","4058562","1500742951","7/22/2017 5:02:31 PM","0x90b3158a3f5fee9689e26da687cf629405c180d9","0x17cd2eb0860d9ca69a40f334781879dbb1e0118e","48000"
"0x278a5375a016140b26b2f27178b5e4232de851021d1a381f8589b21378cf30c1","4058564","1500743071","7/22/2017 5:04:31 PM","0x487584621461831d590a803c2606e09c60381cea","0x3acb5865b5a6c7f5b73937398003ea6ac109342f","1"
"0xe9c7a99a8bda68cea958501e824ebe860b5f59e0c8ccf0ed8f0a212ae0862df2","4058577","1500743318","7/22/2017 5:08:38 PM","0xfbb1b73c4f0bda4f67dca266ce6ef42f520fbb98","0xc56190702a3d187e3e2c70e7cb8befbdad411437","500.01"
"0x639d609f70f014dc7d2c27adb482fc6bba5f536ae83564994d3bff65c3ec58a2","4058581","1500743370","7/22/2017 5:09:30 PM","0x17cd2eb0860d9ca69a40f334781879dbb1e0118e","0x8737305011408648c0c2fc6ff831d566fbaac483","48000"
"0x845a94a382d55704d080723a0cc92ae42edfe0bfd0fabcf0fa65a41ea5715be1","4058602","1500743863","7/22/2017 5:17:43 PM","0x3f04ed56e840d6f6805a2c73ea0e1d276fb26bcc","0x92f0a0c74bb75a0d074f09e74cc8193f0c4454ea","9874"
"0xb095bbe4dfdff08d20e8217321d9f2d2140c27832a372da35872fddf3348ea56","4058602","1500743863","7/22/2017 5:17:43 PM","0x1151314c646ce4e0efd76d1af4760ae66a9fe30f","0x8f81085f33f91379b01069e64896a841f555ae8f","1516.29263818"
"0xcccfaad19723fe54cf68a995eaf468d88b10e007c182899fb3e6bba085a81ed5","4058611","1500744019","7/22/2017 5:20:19 PM","0xfbb1b73c4f0bda4f67dca266ce6ef42f520fbb98","0x33f3850c361dd83f432367dd63072e194c745f75","3699.99"
"0xe8e94533aa4682d29ddf02b12197af67ff1b064ea7b4034caeaf7b029784db79","4058613","1500744032","7/22/2017 5:20:32 PM","0x8f81085f33f91379b01069e64896a841f555ae8f","0xfbb1b73c4f0bda4f67dca266ce6ef42f520fbb98","1516.29263818"
"0xc0195455abb0d026172392334a5a4522c777d72b893bd3ff57c3bbc8b5383b67","4058623","1500744137","7/22/2017 5:22:17 PM","0xfbb1b73c4f0bda4f67dca266ce6ef42f520fbb98","0xa7fcc815c8c4985487d26f4c7888fed73c0d013c","1322.9007"
"0xf0114b1411353439e8cfd583076daa848511b989bc692aa48c98a1fc30633c9d","4058629","1500744263","7/22/2017 5:24:23 PM","0x33f3850c361dd83f432367dd63072e194c745f75","0x8737305011408648c0c2fc6ff831d566fbaac483","3699.99"
"0x5dd2541ea963690386d9359e3f99d495c87520987587a71fea43255954b4d790","4058639","1500744489","7/22/2017 5:28:09 PM","0xfbb1b73c4f0bda4f67dca266ce6ef42f520fbb98","0xbd4bfedd09dfec641fae884012bf3891b31541c7","1099.99"
"0x8a424ad2554df060c7a7f699b32bbaf32eca5285a28483fb3b5eff44e42458f7","4058640","1500744492","7/22/2017 5:28:12 PM","0xa7fcc815c8c4985487d26f4c7888fed73c0d013c","0x5e575279bf9f4acf0a130c186861454247394c06","1322.9007"
"0x2a519057b3a50f1c6fe7fbecfd631d49161620cfdb37f98e4a05493349567684","4058648","1500744652","7/22/2017 5:30:52 PM","0xfbb1b73c4f0bda4f67dca266ce6ef42f520fbb98","0x8bbb73bcb5d553b5a556358d27625323fd781d37","1440.95837397"
"0x0797ba0f686fecdbccef86d44d67a2adae7663612c8b0cabfd8091527faab6b8","4058655","1500744779","7/22/2017 5:32:59 PM","0x1151314c646ce4e0efd76d1af4760ae66a9fe30f","0xb10026a15861e435a3af493aa654027d216cb5ab","819.9"
"0xe91cbd958e9df6c7c4e5e036a92591fc9400209edaf5622b76ca1f71d39a9ab9","4058660","1500744905","7/22/2017 5:35:05 PM","0xfbb1b73c4f0bda4f67dca266ce6ef42f520fbb98","0x8bbb73bcb5d553b5a556358d27625323fd781d37","1717.337405"
"0x719efa39dbfad12070420abe6c16c64daf76beadec17e1db6446ddc377becb99","4058660","1500744905","7/22/2017 5:35:05 PM","0x8bbb73bcb5d553b5a556358d27625323fd781d37","0x1151314c646ce4e0efd76d1af4760ae66a9fe30f","1440.95837397"
"0xce3330773579d14e7494627e083cb812c3252419819bdf78fc96a7f93b746a88","4058661","1500744911","7/22/2017 5:35:11 PM","0xfbb1b73c4f0bda4f67dca266ce6ef42f520fbb98","0xba09dcf69a28f28df6e5a485582064f707c7d4d4","999.99"
"0x142944e34c1597372471647cb75e8372011efce325f086cef9d0aff2fde2c280","4058666","1500744985","7/22/2017 5:36:25 PM","0xb10026a15861e435a3af493aa654027d216cb5ab","0xfbb1b73c4f0bda4f67dca266ce6ef42f520fbb98","819.9"
"0x714c1467fae274462c23b8a2fe040e77db67096d8d6bef6fd60e1f0c4d8270da","4058668","1500744992","7/22/2017 5:36:32 PM","0xfbb1b73c4f0bda4f67dca266ce6ef42f520fbb98","0x603848562af2752df7048f9fdd7a69d0cb40f2db","7691.19"
"0x5f6a047cbb54d5398719986c0e6d1dcd92ae9b74c31115e4487e6ae75b6cdfac","4058669","1500744999","7/22/2017 5:36:39 PM","0xfbb1b73c4f0bda4f67dca266ce6ef42f520fbb98","0x8bbb73bcb5d553b5a556358d27625323fd781d37","2781.65688228"
"0x4fd5148349ce55fd7632c59396dea6c5027accfa626e6e2df4b20d5d4157e0e8","4058673","1500745051","7/22/2017 5:37:31 PM","0x8bbb73bcb5d553b5a556358d27625323fd781d37","0x1151314c646ce4e0efd76d1af4760ae66a9fe30f","4498.99428728"
"0x027e32b46627049a28c2aaa52397e5fcdc48ef39415018e8f32b1ff88bc1ad1a","4058675","1500745087","7/22/2017 5:38:07 PM","0x3fc8ef3dcc94bce3cd24b0e0c49f03250590df9a","0x911829a2509428842b56356ebd3d043b4a461c48","699.99"
"0xaffb8e4f5a882300515dce72d6d4d1912bfb15fc7de61642f798717130be9ddc","4058685","1500745364","7/22/2017 5:42:44 PM","0xfbb1b73c4f0bda4f67dca266ce6ef42f520fbb98","0x220aee433c78cc5dd0efd00db39c12424170b001","0.99"
"0x5c148ff453e8db53d8db0fc19be2c616e2b6127d620c2b96066c300467e5e564","4058693","1500745489","7/22/2017 5:44:49 PM","0xfbb1b73c4f0bda4f67dca266ce6ef42f520fbb98","0x220aee433c78cc5dd0efd00db39c12424170b001","277.3160424"
"0x4ce4ed0e5630d6e444d9fa4bb5b2ffb07c2e6ff9a3322173ac739b30bca76694","4058699","1500745573","7/22/2017 5:46:13 PM","0xd7c7fceb695d5efbcb89f4d5c8527b0a674a401e","0x53c508fe6dcc0c68dda2ccbf211c4bb5edac9855","1960"
"0x6887843336798f8d4e9aaef37484cc9b6617ac0b8e929c15b77e2233c0aa0e17","4058702","1500745605","7/22/2017 5:46:45 PM","0x1151314c646ce4e0efd76d1af4760ae66a9fe30f","0x970fa5a9c9e0325ae43d13443169a453f7ea1bf8","417.25"
"0x4377161a515a2faa79b1885ea8b1c861db2775a31060646510aa4230749151ac","4058703","1500745625","7/22/2017 5:47:05 PM","0xfbb1b73c4f0bda4f67dca266ce6ef42f520fbb98","0x8137e850926c6b0b3d0c17c731f91b3f08d28036","399.99"
"0xc775ca45c450822cac2ced77ec02b824837037dccb806ab94197f8fa4fc41705","4058708","1500745784","7/22/2017 5:49:44 PM","0xfbb1b73c4f0bda4f67dca266ce6ef42f520fbb98","0xc18a98ddf6188da4a260afd15f805f4f465aeed8","4392.07749122"
"0xb9d5d879e4400f23399fe5ab44635828af6d98195bbc425f9ea7591cf3d4393a","4058710","1500745804","7/22/2017 5:50:04 PM","0x970fa5a9c9e0325ae43d13443169a453f7ea1bf8","0xfbb1b73c4f0bda4f67dca266ce6ef42f520fbb98","417.25"
"0xacfb0662dfa74b73295862e3fe88ea7869ae1aad3a6ee4b6d08183f8cd5ba10a","4058721","1500745975","7/22/2017 5:52:55 PM","0xfbb1b73c4f0bda4f67dca266ce6ef42f520fbb98","0x1016fea904349056754edc2b1519b22e0b3d2ad8","10599.99"
"0x258577f0ab0a8efb2d2cbf3863be1063f3ad152a321d6dd2a98a865a3361fa1d","4058723","1500745997","7/22/2017 5:53:17 PM","0x53c508fe6dcc0c68dda2ccbf211c4bb5edac9855","0x8737305011408648c0c2fc6ff831d566fbaac483","1960"
"0xbbb3ad68adb7ed65db34f03fe8b5a1b940751db1336507a897b7f3e609887ca6","4058779","1500746877","7/22/2017 6:07:57 PM","0x92f0a0c74bb75a0d074f09e74cc8193f0c4454ea","0x0303b84bf30f2878755fa6f22a4e82817d4a4aac","1"
"0x3ea8c7b27e4a69189218392d24ed7ac2aa8aab0f432658b4ac794eb9611f2a6c","4058792","1500747058","7/22/2017 6:10:58 PM","0x0303b84bf30f2878755fa6f22a4e82817d4a4aac","0xfbb1b73c4f0bda4f67dca266ce6ef42f520fbb98","1"
"0xdb763c89b5d95475346d7aa2d5c0609e1c67d8f7db7ad661b171a1b0970bf55d","4058793","1500747170","7/22/2017 6:12:50 PM","0x5374516a2aa518cbff263f811a3eeab036b5afb5","0xc630df154a719aee231fd7c1d22b7b115d14aa54","950000"
"0xb938cb034dabb98ee10dfb6c346c907a768b7a53fa9a441ea7a5a21ae56f4590","4058797","1500747292","7/22/2017 6:14:52 PM","0x679e4d867823b71e9446f96fbb7dccd70155da93","0x49de88afdb21a8c83d8b933d7ccf8468e496cd29","1884.5712"
"0x5c8c8c1a7f5ece3a0546d5072ccdec23832be252ecc3097a3b4bb4accf0d6ce7","4058800","1500747421","7/22/2017 6:17:01 PM","0xc630df154a719aee231fd7c1d22b7b115d14aa54","0x1151314c646ce4e0efd76d1af4760ae66a9fe30f","950000"
"0xd535e8edf9b18349b6dca1f64d152e6dc47c2c001685c6d8035996e66bf26807","4058801","1500747441","7/22/2017 6:17:21 PM","0xfbb1b73c4f0bda4f67dca266ce6ef42f520fbb98","0x8bbb73bcb5d553b5a556358d27625323fd781d37","1436.5957768"
"0xf78c3758b0a2f31f0808a62f9e54744a75967b43652ac8b486fce5f2c3fc06dd","4058805","1500747519","7/22/2017 6:18:39 PM","0x1151314c646ce4e0efd76d1af4760ae66a9fe30f","0xf4b51b14b9ee30dc37ec970b50a486f37686e2a8","766874.46976"
"0x2649b7ed9e7694317c1746c642937403b16686e943082ed08641db48379d3579","4058827","1500747742","7/22/2017 6:22:22 PM","0x8bbb73bcb5d553b5a556358d27625323fd781d37","0x1151314c646ce4e0efd76d1af4760ae66a9fe30f","1436.5957768"
"0xfd28891d41f406357946bca63aeb217ea89757e9c55e8da87e44b93f84929b1f","4058832","1500747795","7/22/2017 6:23:15 PM","0xabc773e1b7acc79a7722c4d40e5808ace2846161","0xb9ecf9c7afca9837b145efa4b97ee5659cd53777","73039.8034"
"0x425fa3b2e70ac34cc306f69bceefcf9e0f244bb11a04e07b08260a9cf3687d86","4058837","1500747890","7/22/2017 6:24:50 PM","0x1151314c646ce4e0efd76d1af4760ae66a9fe30f","0x8f81085f33f91379b01069e64896a841f555ae8f","5508.01971204"
"0x037ca8d824dcc8fe8c95bd463471f7fd5920404187d05ec1b709b3868ac005d3","4058839","1500747923","7/22/2017 6:25:23 PM","0xfbb1b73c4f0bda4f67dca266ce6ef42f520fbb98","0x1efe182ddb9b82bfb3afa3614ed28e20232b8730","799.97284619"
"0xe837cda241c239aa91e0c85b9352e8b0c48939ce01d8efbd61221726793733ae","4058840","1500747961","7/22/2017 6:26:01 PM","0x92f0a0c74bb75a0d074f09e74cc8193f0c4454ea","0x0303b84bf30f2878755fa6f22a4e82817d4a4aac","4499"
"0x0e5d1e7b391d8dd9770935e8d63399c3a65576fcae06498b0b5ca7fa9bdf11f0","4058842","1500748019","7/22/2017 6:26:59 PM","0x8f81085f33f91379b01069e64896a841f555ae8f","0xfbb1b73c4f0bda4f67dca266ce6ef42f520fbb98","5508.01971204"
"0xc109e36e4295891e4c180077018f3faf347d0d3a8ad0855c7dd8e0cfbb9d64cf","4058843","1500748022","7/22/2017 6:27:02 PM","0x8737305011408648c0c2fc6ff831d566fbaac483","0x8c990a359ccad0c33afe2e246b89b4eee7da01a6","23.928"
"0xa479b76777ad09b22cae781a5beac6e01d73e0d82c525008d1baa23e2dc15ebf","4058846","1500748067","7/22/2017 6:27:47 PM","0x1151314c646ce4e0efd76d1af4760ae66a9fe30f","0x8f81085f33f91379b01069e64896a841f555ae8f","8848.5099257"
"0x845ec64119b29a0d3294706e995482d4e905ec92351f8d21aac715830bb5dbf6","4058853","1500748159","7/22/2017 6:29:19 PM","0x1efe182ddb9b82bfb3afa3614ed28e20232b8730","0x5e575279bf9f4acf0a130c186861454247394c06","799.97284619"
"0x196d66e4d21188985131d3ce9a2a0bb1f866efae243857fb01b33b0d616e817c","4058855","1500748190","7/22/2017 6:29:50 PM","0x8f81085f33f91379b01069e64896a841f555ae8f","0xfbb1b73c4f0bda4f67dca266ce6ef42f520fbb98","8848.5099257"
"0x1776d5d4833e4b16b7c8a5fbf84c9f6fab3acebf2603a5b323ca594809ae66d7","4058855","1500748190","7/22/2017 6:29:50 PM","0x0303b84bf30f2878755fa6f22a4e82817d4a4aac","0xfbb1b73c4f0bda4f67dca266ce6ef42f520fbb98","4499"
"0xfa33fc4e7fe96a2cd68fc8120d8596a5232dc11810ae86bdc583e65346695153","4058863","1500748353","7/22/2017 6:32:33 PM","0x2ebb507b1da5b2619515d542a8af27b0747a6bc2","0x5f2fdfdb7945f770436d1f41c01b47fb76313a39","6118.8449"
"0xe1daa362db3207511cbae2c2ca12281f63b66847b498f20362e0a1647bb42961","4058880","1500748702","7/22/2017 6:38:22 PM","0x1151314c646ce4e0efd76d1af4760ae66a9fe30f","0x49e5760b8ca877ed34f7f9299f88524c78111852","249.9"
"0x440eeb7d9619ce2204bf7605238928614160bf40bab6ef775b06023e792d3575","4058899","1500749045","7/22/2017 6:44:05 PM","0x1151314c646ce4e0efd76d1af4760ae66a9fe30f","0x8f81085f33f91379b01069e64896a841f555ae8f","5609.80311815"
"0xd6340e9170779f2868e03df87b73d36cc72453efe765cc989f9bc6f041526c20","4058903","1500749143","7/22/2017 6:45:43 PM","0x1151314c646ce4e0efd76d1af4760ae66a9fe30f","0xedd8c505c808144f3fcace181cbc26f796b86b8d","43655.3"
"0x1c8cf07d59305cef6b02aa492fc6d23bfbcbb7497a392ab760aeacc7e81cae2d","4058908","1500749199","7/22/2017 6:46:39 PM","0x8f81085f33f91379b01069e64896a841f555ae8f","0xfbb1b73c4f0bda4f67dca266ce6ef42f520fbb98","5609.80311815"
"0xea326ac686bb931cb25064d91225e0e7b1731e07c37100d0d082d5f62a1817db","4058914","1500749436","7/22/2017 6:50:36 PM","0x8d12a197cb00d4747a1fe03395095ce2a5cc6819","0x59d0adf1399318378d995ea5ddb0b21cabbf5079","51.3579956410604"
"0x308d58d0fe0496729ac222f69eff0023a97523e7a0700e0d0a7391d590aa0223","4058915","1500749479","7/22/2017 6:51:19 PM","0xedd8c505c808144f3fcace181cbc26f796b86b8d","0xfbb1b73c4f0bda4f67dca266ce6ef42f520fbb98","43655.3"
"0xfbe956e1d8e52c65ebd85987f21216ad635dd47b0d1877d4eef480796742da50","4058915","1500749479","7/22/2017 6:51:19 PM","0xfbb1b73c4f0bda4f67dca266ce6ef42f520fbb98","0x871b9a8a78f74ca0d26cf2a26ff33ceee0a8f6d2","999.49"
"0xbe9807801f45eedad344972cb6f215727f84f694ccae12cf0d51ac1cce3e82e7","4058915","1500749479","7/22/2017 6:51:19 PM","0x1151314c646ce4e0efd76d1af4760ae66a9fe30f","0x8f81085f33f91379b01069e64896a841f555ae8f","10712.84061917"
"0x5b988dcc26ad8e0139b86460355c64e12d3c2fd01dd4f3a2548fcbc4cd0b760b","4058918","1500749576","7/22/2017 6:52:56 PM","0x8f81085f33f91379b01069e64896a841f555ae8f","0xfbb1b73c4f0bda4f67dca266ce6ef42f520fbb98","10712.84061917"
"0x70205f70685ad00a9d455a4b1028569480b6115b5d4765a89415be626016255f","4058939","1500749963","7/22/2017 6:59:23 PM","0x871b9a8a78f74ca0d26cf2a26ff33ceee0a8f6d2","0x8737305011408648c0c2fc6ff831d566fbaac483","999.49"
"0xed1d2ddb8fbda9238168f9cd3a01eadd1c4fc61c4664b7a471f46ef94dcb6fd9","4058940","1500749982","7/22/2017 6:59:42 PM","0x2c3089198b48663ac124480cbd533953179ac8a9","0xdcdeba988af68e4d54e5f6a3513511aecd5df17a","2500"
"0x65447500d7f3762e146705a30d85a02d8d4f4e19f7ed4aab0677d3e0809286e9","4058949","1500750213","7/22/2017 7:03:33 PM","0x1151314c646ce4e0efd76d1af4760ae66a9fe30f","0x3d07c77c3478592a1640a1ff41a83396e74b2b68","589.99828885"
"0x6ece6823cf60ba4473debc7d435bca3da078ac364e97be953e55a1cdcb251f35","4058956","1500750459","7/22/2017 7:07:39 PM","0xdcdeba988af68e4d54e5f6a3513511aecd5df17a","0x8737305011408648c0c2fc6ff831d566fbaac483","2500"
"0x3ec21d626075a2563dd9a95351a7f4f449bccee9e1d91888c55214a957bf5860","4058957","1500750462","7/22/2017 7:07:42 PM","0x1151314c646ce4e0efd76d1af4760ae66a9fe30f","0x8f81085f33f91379b01069e64896a841f555ae8f","2897.92778313"
"0x11b0a18ea390493c48148d31bbf9fa9ae40dbb64d396295601dbbddd04df8a5f","4058963","1500750654","7/22/2017 7:10:54 PM","0x1151314c646ce4e0efd76d1af4760ae66a9fe30f","0x8f81085f33f91379b01069e64896a841f555ae8f","5356.3703096"
"0xd05a7aa82d9e173dc1203d61506f66fdbde4198cc46db1deacb5810d6620bd00","4058963","1500750654","7/22/2017 7:10:54 PM","0x8f81085f33f91379b01069e64896a841f555ae8f","0xfbb1b73c4f0bda4f67dca266ce6ef42f520fbb98","2897.92778313"
"0x6f89f7b46b1a9b755a4f89872245896bea1a307b7a2d3bf566ae9c8fa27238fe","4058964","1500750694","7/22/2017 7:11:34 PM","0x3d07c77c3478592a1640a1ff41a83396e74b2b68","0x5e575279bf9f4acf0a130c186861454247394c06","589.99828885"
"0xea246dca84e1549d627659bc22b0bbcbbe5bef9bb57cc0550506d905b41324d4","4058965","1500750702","7/22/2017 7:11:42 PM","0xf144900e89b8d962253295c1e2590651fdd32b14","0x276f344deb11818e9e610c7a4773e3094b10e24c","37612"
"0xb8c5fa5079f431e208e20362218f83389e2d1048fd17b931e03746753ac2dded","4058969","1500750815","7/22/2017 7:13:35 PM","0x8f81085f33f91379b01069e64896a841f555ae8f","0xfbb1b73c4f0bda4f67dca266ce6ef42f520fbb98","5356.3703096"
"0xe136b57aa1063303ddf7489e9503d927cf089d7fa197daf21e19175453fb9933","4058976","1500751003","7/22/2017 7:16:43 PM","0x276f344deb11818e9e610c7a4773e3094b10e24c","0xfbb1b73c4f0bda4f67dca266ce6ef42f520fbb98","37612"
"0xe5b4d0c761c8c7ce27b16cb065bf59a9c4b3876426383a05f3ca4b797f5deab6","4058994","1500751464","7/22/2017 7:24:24 PM","0xfbb1b73c4f0bda4f67dca266ce6ef42f520fbb98","0xf3eca07a1736207d05f55ffce81757a9fd958c19","4.99"
"0xa9f2940532cb1300fed9052df8088d70a5b80de808099f1952a0995dad8b6d85","4058998","1500751540","7/22/2017 7:25:40 PM","0xfbb1b73c4f0bda4f67dca266ce6ef42f520fbb98","0x75186ece18d7051afb9c1aee85170c0deda23d82","3046.0973079"
"0x495ea75ad3b6e2a5e18dcc6cf60b202682846c13eca0cc548d53653e198f19b8","4059017","1500751857","7/22/2017 7:30:57 PM","0xfbb1b73c4f0bda4f67dca266ce6ef42f520fbb98","0xd993f766b67bbdcb641f4c5bc0b030cebeb19747","381.36126"
"0x404b28ed167288694288d2d29b322432f22c64bd3649682ea1993be0858f56a5","4059017","1500751857","7/22/2017 7:30:57 PM","0xfbb1b73c4f0bda4f67dca266ce6ef42f520fbb98","0x78221683f455ada8853d6d338393e13a7d30a69a","1604.08783169"
"0x52213ad9dfeaa99c8a17d8c3418229ec42052b5787b0b10bcdd7d3bb6f5e3ddd","4059023","1500751908","7/22/2017 7:31:48 PM","0xfbb1b73c4f0bda4f67dca266ce6ef42f520fbb98","0x8bbb73bcb5d553b5a556358d27625323fd781d37","4795.50800471"
"0x6e56858e2916a4af5d8c415f2e626a1a6b1b0618f0758feb8163f5027ff88202","4059034","1500752148","7/22/2017 7:35:48 PM","0x8bbb73bcb5d553b5a556358d27625323fd781d37","0x1151314c646ce4e0efd76d1af4760ae66a9fe30f","4795.50800471"
"0xb91e4fd9301dceb6585ff7480b6b9f2307a9134fd6815cd678bb908a5b0218a5","4059034","1500752148","7/22/2017 7:35:48 PM","0xfbb1b73c4f0bda4f67dca266ce6ef42f520fbb98","0x689f5466adfbb1f076f24ec4a7d08de48deae10f","516.30079332"
"0x54badf8afaeaa3ebdf9ae82152d4dde65909db087f44e65ddd41ff02732df283","4059036","1500752178","7/22/2017 7:36:18 PM","0xd993f766b67bbdcb641f4c5bc0b030cebeb19747","0x8737305011408648c0c2fc6ff831d566fbaac483","381.36126"
"0x0ecf6d8c2ef08980d5e873e3e835efa33caebde6fbc6488ca3333db28208628f","4059045","1500752272","7/22/2017 7:37:52 PM","0xfbb1b73c4f0bda4f67dca266ce6ef42f520fbb98","0xfeeb17ae36e3829f29713a96323877b0c9e2ff39","1500"
"0x94fa6ebda6bf65c71dae5019eae39b539a09ace9bfa7f44a136b67582df4ff0c","4059051","1500752386","7/22/2017 7:39:46 PM","0x42fa2dbabc5f15d47c3eee65284099466ecece4c","0xeaa1d08c7cf66ca5490bbe7121dda2ac7ab50cb2","10000"
"0x8d3fc7d76c51388419d599cfe5db256cc26f9d029dd937b72c2314d2d0fa5e55","4059051","1500752386","7/22/2017 7:39:46 PM","0x689f5466adfbb1f076f24ec4a7d08de48deae10f","0x8737305011408648c0c2fc6ff831d566fbaac483","516.30079332"
"0xc4caf0bbdbf4544b31dadd28af790eaa074bd84f31907aecfe5aaa52ecc273dc","4059056","1500752466","7/22/2017 7:41:06 PM","0x1151314c646ce4e0efd76d1af4760ae66a9fe30f","0x8f81085f33f91379b01069e64896a841f555ae8f","3795.44780904"
"0xf8b067ef0a4f8ceb5f1ae8e80fe691e3e830d824912d4aa2d778f6113a65c317","4059061","1500752634","7/22/2017 7:43:54 PM","0xfbb1b73c4f0bda4f67dca266ce6ef42f520fbb98","0x5f2fdfdb7945f770436d1f41c01b47fb76313a39","1378.86038335"
"0x5b9a3dd37cb1764243ab60c149054e35047ee3956f09ddf5607d76c08f3b0ef3","4059063","1500752670","7/22/2017 7:44:30 PM","0x8f81085f33f91379b01069e64896a841f555ae8f","0xfbb1b73c4f0bda4f67dca266ce6ef42f520fbb98","3795.44780904"
"0x5bbc14ec3d3d22a4fbf061916b21c47424d3f2ec4c98727fa9b9793ec3e6b282","4059074","1500752997","7/22/2017 7:49:57 PM","0xfbb1b73c4f0bda4f67dca266ce6ef42f520fbb98","0x781bb6e8fd8d40076d1b42d49eb48742932d2a4c","183.854047"
"0x438a3c3e92f95507a4d90e68b853d9dd4b2e876a8da34f69f35039ec53c148da","4059074","1500752997","7/22/2017 7:49:57 PM","0xeaa1d08c7cf66ca5490bbe7121dda2ac7ab50cb2","0x8737305011408648c0c2fc6ff831d566fbaac483","10000"
"0xa99c490dff7a4b5a9270e56e722b0bef28f90812aeb6271eaf2b2a5c15a73f11","4059076","1500753101","7/22/2017 7:51:41 PM","0x1151314c646ce4e0efd76d1af4760ae66a9fe30f","0xad6130338b11adcaff4c5db2553e5f54a345763f","212.03119991"
"0x7766983aef8d85dc74b6638d4479ceb9cb6ec5569a15b839fb680c05862c60d4","4059082","1500753236","7/22/2017 7:53:56 PM","0xfbb1b73c4f0bda4f67dca266ce6ef42f520fbb98","0x3a15d3e953536e336df5ef435c454f47e6247cc9","444.38689831"
"0xc33e39164aff725832172c81f7c0e9e4fd1aa51b9962def336fe7284f908fc20","4059092","1500753368","7/22/2017 7:56:08 PM","0xad6130338b11adcaff4c5db2553e5f54a345763f","0xfbb1b73c4f0bda4f67dca266ce6ef42f520fbb98","212.03119991"
"0xa700768cfc7ca266118f6379e5fb21a18aa8463becfc56b821a4592b6aef3c57","4059093","1500753372","7/22/2017 7:56:12 PM","0x781bb6e8fd8d40076d1b42d49eb48742932d2a4c","0x8737305011408648c0c2fc6ff831d566fbaac483","183.854047"
"0xbdc7f7db92cd77f8ae13a612eaee296d67ac28833e0adb0cfd9aa45070964c8a","4059098","1500753401","7/22/2017 7:56:41 PM","0x1151314c646ce4e0efd76d1af4760ae66a9fe30f","0x8f81085f33f91379b01069e64896a841f555ae8f","2729.92475857"
"0xe2fb9e956ea470c1e724b33c6619332392d262c5c3ee3cf560215e8efb4a1191","4059108","1500753537","7/22/2017 7:58:57 PM","0x8f81085f33f91379b01069e64896a841f555ae8f","0xfbb1b73c4f0bda4f67dca266ce6ef42f520fbb98","2729.92475857"
"0x5ff50ef00cde46a1131f2d894f84222facf041f6b0adbfda667f02b80ec72952","4059114","1500753698","7/22/2017 8:01:38 PM","0x510b070c80ae38d081a3e357aceabcc05c5853c5","0xeb3b9f824c8551a58a427aeaaa1044866bb5e28e","310731.3932"
"0xce4899945268e8cd891fcfd269d43cc917f0e73c1f65f1668ef113cad4c7a063","4059146","1500754098","7/22/2017 8:08:18 PM","0x5e575279bf9f4acf0a130c186861454247394c06","0xd2e150cead18733a035330af2230fecd7ba1da01","560.04300518"
"0xc4ba1e778b29847f88f477ac03dc999febc45df3be0aa5dbe2dc6e35e4aaa899","4059150","1500754144","7/22/2017 8:09:04 PM","0x25016a1e07612076e815c25da3683cec069af40d","0xfc6557832d2aed5d830d6b051db0651545962bde","986"
"0x175856a2b13b71d8ff8a00c1d2316305b7dadf60782c91109bfbdac732dc223d","4059157","1500754295","7/22/2017 8:11:35 PM","0xfc6557832d2aed5d830d6b051db0651545962bde","0xfbb1b73c4f0bda4f67dca266ce6ef42f520fbb98","986"
"0x821c530e617a949f78a479ac34d250c3b1440eff1b9f9f168102f4062daec91d","4059181","1500754671","7/22/2017 8:17:51 PM","0x5e575279bf9f4acf0a130c186861454247394c06","0x3c154d6a5f53e66085ce1d7c26f23aeb6d6b18ac","3744"
"0x8d33ce4019a75e0e98aa17e4714f22992d068588db567b35afb75f5acdbefc23","4059208","1500755177","7/22/2017 8:26:17 PM","0xfbb1b73c4f0bda4f67dca266ce6ef42f520fbb98","0xd993f766b67bbdcb641f4c5bc0b030cebeb19747","559.753162"
"0x42e4eb251080407227eda1291186809b73c1774fb5e0934f57ad41f174b93f1c","4059213","1500755325","7/22/2017 8:28:45 PM","0xeb3b9f824c8551a58a427aeaaa1044866bb5e28e","0x96d4f0e75ae86e4c46cd8e9d4ae2f2309bd6ec45","1000"
"0x77c2d57e65cdcb66fbbd0d1cdefa1a5ee28ba1a9d9143cefd5d3ff88ddb6cc36","4059213","1500755325","7/22/2017 8:28:45 PM","0xfbb1b73c4f0bda4f67dca266ce6ef42f520fbb98","0xad49f37ddc56bb3702fa7aef24d341b5f4366836","1842.46160194"
"0x5881fe36b87f24586d9a3ba5b55029028796cdeb72096caec3367c7a6c35b3a1","4059229","1500755636","7/22/2017 8:33:56 PM","0xd993f766b67bbdcb641f4c5bc0b030cebeb19747","0x8737305011408648c0c2fc6ff831d566fbaac483","559.753162"
"0x07e44234ea0cea7780c9538960d89839c5ab2dc34eed2eba5d7e192a4b5e8df2","4059254","1500756103","7/22/2017 8:41:43 PM","0x1151314c646ce4e0efd76d1af4760ae66a9fe30f","0xb02d9383d0a3ea8c8ad5e0671669b580464e71d3","305.59631966"
"0x2c6bfa872e2c12be0681eec196313b13e42cfafac0b9857d6d909a59190d5423","4059268","1500756330","7/22/2017 8:45:30 PM","0xb02d9383d0a3ea8c8ad5e0671669b580464e71d3","0xfbb1b73c4f0bda4f67dca266ce6ef42f520fbb98","305.59631966"
"0x66f91fc2fba3c08a0513b4d73498a7590f58b2acfb6ac66f3d6e22baea2f185c","4059324","1500757343","7/22/2017 9:02:23 PM","0x8737305011408648c0c2fc6ff831d566fbaac483","0x8a8147b5f5670f6031403c4a686544008946dc65","577.263"
"0xd0cd176edd792f3c3a671a0b47c69f13a993de4fa6b2d34f8ecb29431abeceb6","4059324","1500757343","7/22/2017 9:02:23 PM","0x1151314c646ce4e0efd76d1af4760ae66a9fe30f","0x8f81085f33f91379b01069e64896a841f555ae8f","3278.69266044"
"0xf75b03d83a4340ac6e865ec6e2ab16d41b0a403da8d1f1de45eabedd8213dd54","4059332","1500757448","7/22/2017 9:04:08 PM","0x1151314c646ce4e0efd76d1af4760ae66a9fe30f","0xedd8c505c808144f3fcace181cbc26f796b86b8d","33513"
"0x9b67076504c34379e09b666349c37a9f7d1bb7957a0c349ff408e4fe64591e19","4059341","1500757562","7/22/2017 9:06:02 PM","0x8f81085f33f91379b01069e64896a841f555ae8f","0xfbb1b73c4f0bda4f67dca266ce6ef42f520fbb98","3278.69266044"
"0x6d31aeb1f2e263726c17133150bf3920c74b2f4ff9404aaf69914a6d207dc6b2","4059341","1500757562","7/22/2017 9:06:02 PM","0xedd8c505c808144f3fcace181cbc26f796b86b8d","0xfbb1b73c4f0bda4f67dca266ce6ef42f520fbb98","33513"
"0x86b41f2058a1ea0cbf319c5cd1df90b028ed2f3612e0f96beaf28aa8afba33a7","4059350","1500757714","7/22/2017 9:08:34 PM","0xfbb1b73c4f0bda4f67dca266ce6ef42f520fbb98","0xa641cfb81e8b81b7068bf3f4594f6d36b56c8f35","17696.71558234"
"0xb9dbd94534765ad38cd4674ed6d63b1f9b86d78c860e5191dbe52125c6a24de0","4059364","1500757970","7/22/2017 9:12:50 PM","0x1151314c646ce4e0efd76d1af4760ae66a9fe30f","0x1578296be08a1fd8268b4ea471a5e2acdd994b23","343.85"
"0xfd3d5f6812cc2184e8ace97b89467fae5c2d508c6002e3c543066013698732e1","4059369","1500758086","7/22/2017 9:14:46 PM","0xfbb1b73c4f0bda4f67dca266ce6ef42f520fbb98","0xe7b1e599c5094d9c12247dd5902c16032fe9b36c","1.01"
"0xc6e2abc8da3c29bcfdb78e33d40a2e0e118ad7c6beb7ea7343b99aff63908a14","4059385","1500758324","7/22/2017 9:18:44 PM","0x5e575279bf9f4acf0a130c186861454247394c06","0x6efb3dc338a5ef9ba24a9706a4b6480286d895a5","1147.5220652"
"0x4be4c72934acb1e9ea15ff9fcfd030b8bd7efb47bdbc5b9556853aedb5a50e57","4059393","1500758397","7/22/2017 9:19:57 PM","0x1151314c646ce4e0efd76d1af4760ae66a9fe30f","0x8f81085f33f91379b01069e64896a841f555ae8f","1778.07067618"
"0x8e15c4c3409a4e465f58365390376b14497947d1c8121e5cb661d532052b70b5","4059396","1500758471","7/22/2017 9:21:11 PM","0xfbb1b73c4f0bda4f67dca266ce6ef42f520fbb98","0xe7b1e599c5094d9c12247dd5902c16032fe9b36c","553.66544202"
"0x29a906977386dfbb8c88e56846f4c0db77bd36c29aa21172a4c4d7221cd05cb4","4059396","1500758471","7/22/2017 9:21:11 PM","0x1151314c646ce4e0efd76d1af4760ae66a9fe30f","0xf9ddbc054f2544037ef3248730a7303b3b5c438f","5500.9"
"0x51ed524a633908330b79e497b1167657128432a927afef0f9a83a2cb6d947aef","4059404","1500758608","7/22/2017 9:23:28 PM","0x8f81085f33f91379b01069e64896a841f555ae8f","0xfbb1b73c4f0bda4f67dca266ce6ef42f520fbb98","1778.07067618"
"0xe0b2f08a6be4c2326a53460a3d269387de5575767a9098243d797d1e69ef6b72","4059408","1500758751","7/22/2017 9:25:51 PM","0x1151314c646ce4e0efd76d1af4760ae66a9fe30f","0x8f81085f33f91379b01069e64896a841f555ae8f","4003.25666979"
"0x96750349049af54486972850ea6f835fc5319cc764bcb64f4359a554284e4e4b","4059417","1500758953","7/22/2017 9:29:13 PM","0x8f81085f33f91379b01069e64896a841f555ae8f","0xfbb1b73c4f0bda4f67dca266ce6ef42f520fbb98","4003.25666979"
"0x8d846ee3abbeef1b9a6b6718acb7676e9f79fe987762e8f1b37062cf49ed0e53","4059431","1500759106","7/22/2017 9:31:46 PM","0x1151314c646ce4e0efd76d1af4760ae66a9fe30f","0x8807b9d63d10efab83e02c83f495ebb6350fed37","1203.9"
"0x5e7ed32ab446e297de367fec5803ab68b9bcd4acba9e5c513f29d7318897f5fc","4059436","1500759224","7/22/2017 9:33:44 PM","0x8807b9d63d10efab83e02c83f495ebb6350fed37","0xfbb1b73c4f0bda4f67dca266ce6ef42f520fbb98","1203.9"
"0xe3537c31953d1be6747a0aecff37d4c009f9fdf78e2cfa7683afb95790c8c998","4059447","1500759414","7/22/2017 9:36:54 PM","0xfbb1b73c4f0bda4f67dca266ce6ef42f520fbb98","0xe922ce88767feb503458496b61fd1127f7f6087f","4248.07983627"
"0xf1734872e1963896858e31edd5cf6728ef9b6c6937b7c869d87dee0a4d80e623","4059453","1500759562","7/22/2017 9:39:22 PM","0xfbb1b73c4f0bda4f67dca266ce6ef42f520fbb98","0xbd7f7e88caf7de81d06cc56ef4854508a1306928","0.99"
"0xfa4ca331c1e68a551c814ec7fe862245251e08a68aa369ee8cc3e35b8dca028f","4059463","1500759712","7/22/2017 9:41:52 PM","0xe922ce88767feb503458496b61fd1127f7f6087f","0x8737305011408648c0c2fc6ff831d566fbaac483","4248.07983627"
"0xabea3c9abe25ab2c4dccabfdb266d627e891185c345af852a6c8df45c9574909","4059465","1500759763","7/22/2017 9:42:43 PM","0x1151314c646ce4e0efd76d1af4760ae66a9fe30f","0x8f81085f33f91379b01069e64896a841f555ae8f","3253.30972549"
"0x911e37a49b686d6f2a96f816eef3d75fae2391b60629e5985e481097e34d9648","4059466","1500759766","7/22/2017 9:42:46 PM","0xfbb1b73c4f0bda4f67dca266ce6ef42f520fbb98","0xbd7f7e88caf7de81d06cc56ef4854508a1306928","2383.32268084"
"0xe24304131eedb56ce619b8b888a2f77b2135b4efdc564200cfacadc19bcf714e","4059482","1500760023","7/22/2017 9:47:03 PM","0x8f81085f33f91379b01069e64896a841f555ae8f","0xfbb1b73c4f0bda4f67dca266ce6ef42f520fbb98","3253.30972549"
"0x469c4c06ed54cbb5b5b87593ca57eddfc29b13f931567229709d64e8e0900845","4059498","1500760383","7/22/2017 9:53:03 PM","0xfbb1b73c4f0bda4f67dca266ce6ef42f520fbb98","0xa15913ea3d1e2ca9bb664df9a3811910b2e95386","9999.99"
"0x9ab6882f3d53931e6995e9b52a9bc7c9e1c4ba8170af5ab4da81d6c83ed7660a","4059514","1500760627","7/22/2017 9:57:07 PM","0x1151314c646ce4e0efd76d1af4760ae66a9fe30f","0x8f81085f33f91379b01069e64896a841f555ae8f","2120.23642227"
"0x5029acb28f9390bede38bf8752b6c6bffc6e097b2ed226731686925845fe2dce","4059524","1500760797","7/22/2017 9:59:57 PM","0x8f81085f33f91379b01069e64896a841f555ae8f","0xfbb1b73c4f0bda4f67dca266ce6ef42f520fbb98","2120.23642227"
"0xa163ca9d99118b6a4ac1ed28894e19d1291271703de0db06dabff6a9ee6dc99c","4059528","1500760857","7/22/2017 10:00:57 PM","0xfbb1b73c4f0bda4f67dca266ce6ef42f520fbb98","0xe922ce88767feb503458496b61fd1127f7f6087f","2437.32306817"
"0xa50631f34538c51a09061033b5501168ca8dd35f4ad61cb817d8f17255be243c","4059543","1500761149","7/22/2017 10:05:49 PM","0xfeeb17ae36e3829f29713a96323877b0c9e2ff39","0x171c1bf9820d580592abf5f7f7bdde4f72384dc2","1500"
"0x7142483ca3d8a3c4ce8d65a738f79cfc6e49766945f84b71c19a46d7010ea270","4059544","1500761183","7/22/2017 10:06:23 PM","0xe922ce88767feb503458496b61fd1127f7f6087f","0x8737305011408648c0c2fc6ff831d566fbaac483","2437.32306817"
"0x79e9170da44db373cef989075c68790a4f9cae25334816fcdb0d4e63c69998cd","4059556","1500761359","7/22/2017 10:09:19 PM","0x8737305011408648c0c2fc6ff831d566fbaac483","0x4d121d975341951502c745b5e21c380c5bbe3889","898.34523486"
"0xf1173f02285eb41bb2d65588414cc063bea73779e324a8bccae57dff84eb51b8","4059564","1500761515","7/22/2017 10:11:55 PM","0x4da4ee0ffa7dda1761d4d2ac0da11f382df2f23a","0xa87f50f3cbfc963198d26bfa80167fea6d385601","4.03482"
"0x8da0603cb1c32fa5f4494949bcd231c56f2ba02e37f53c01a73bf9122824ebe9","4059596","1500762103","7/22/2017 10:21:43 PM","0x1151314c646ce4e0efd76d1af4760ae66a9fe30f","0x2c3089198b48663ac124480cbd533953179ac8a9","294.8"
"0x1ee25cf63bb7ead7bbed7c88548c1fbe36babe4643d80317f30a913d488f8d72","4059599","1500762206","7/22/2017 10:23:26 PM","0x0006e4548aed4502ec8c844567840ce6ef1013f5","0x01dc6a0b491eac99e00292b87abdcecdafe4ef23","5000"
"0xe226170efc171643e7855f07f31486adbd373ab91839f2dcb0475d9a86ba978a","4059607","1500762322","7/22/2017 10:25:22 PM","0xfbb1b73c4f0bda4f67dca266ce6ef42f520fbb98","0xbb49861b33ba06fc2416f674d467ba26c7157a0c","2561.91365296"
"0xddef439f7d71849cec5f2c06597f524a4d4a23f36ed5844660fffea2d9487ecc","4059615","1500762400","7/22/2017 10:26:40 PM","0x01dc6a0b491eac99e00292b87abdcecdafe4ef23","0x5e575279bf9f4acf0a130c186861454247394c06","5000"
"0xc425996c8d1e9402b3d7e24026c889cf1c555a02267af766e5d50f967ba220c6","4059618","1500762484","7/22/2017 10:28:04 PM","0xc96fd4469f80c53bc306c42c62e49a0cc3d12839","0xceff0a3c3cc4d69e395a7f2cdb33f861b153adf4","2883.5131"
"0x379cc3643d84ad0cc822e41b7331f55d9b03132bb4d63bef5ce28e068dbe7249","4059622","1500762551","7/22/2017 10:29:11 PM","0xfbb1b73c4f0bda4f67dca266ce6ef42f520fbb98","0xa6badd07ed7ceb67a3d30e4f31fc8315f1f00d8d","3404.42686007"
"0x07810f317b6919d31b0a72303522f94caa6e850f38f0e47b564646e407a612a9","4059631","1500762759","7/22/2017 10:32:39 PM","0x1151314c646ce4e0efd76d1af4760ae66a9fe30f","0x8f81085f33f91379b01069e64896a841f555ae8f","1839.43059835"
"0x624c5320ef06db0aaf4984bb712b14faedd2347334dffd8cdf180f98612ea319","4059635","1500762800","7/22/2017 10:33:20 PM","0xfbb1b73c4f0bda4f67dca266ce6ef42f520fbb98","0x689f5466adfbb1f076f24ec4a7d08de48deae10f","1663.63540596"
"0xc85751ed90cda8192c191140ea9aabeb810a221f59c42b2db35d8f16bf4f1d3b","4059637","1500762877","7/22/2017 10:34:37 PM","0xbb49861b33ba06fc2416f674d467ba26c7157a0c","0xab4d917b39d57e24b81999882e6aeef5ca3f7090","63"
"0x3e99142619871c9b04088dfcd6262cbbf2c533480e41028f7dd3cd022dca730d","4059637","1500762877","7/22/2017 10:34:37 PM","0xceff0a3c3cc4d69e395a7f2cdb33f861b153adf4","0x8737305011408648c0c2fc6ff831d566fbaac483","2883.5131"
"0x8177fdc67a17c7fa480d0013de69dc960dcf614df7b019ef34e7ba140340fcfd","4059637","1500762877","7/22/2017 10:34:37 PM","0x8f81085f33f91379b01069e64896a841f555ae8f","0xfbb1b73c4f0bda4f67dca266ce6ef42f520fbb98","1839.43059835"
"0x6d0d84f9445c58b5745474b14f4b44686d430c65d96c0127872d8e47c19aa3cb","4059639","1500762924","7/22/2017 10:35:24 PM","0xa6badd07ed7ceb67a3d30e4f31fc8315f1f00d8d","0x8737305011408648c0c2fc6ff831d566fbaac483","3404.42686007"
"0x172631ce65741e5b2922bf3b4cc6e95928de5b68a0ad265b910ffd4cb54631df","4059646","1500763055","7/22/2017 10:37:35 PM","0xfbb1b73c4f0bda4f67dca266ce6ef42f520fbb98","0x6f3f8f8634267fcfb6c4640e85b68d4a4e0f4daa","36.13907043"
"0x83e1e5d6666d3fbfe515129002d1f21fd67995d3d424eb9da1c37592f9f595cc","4059646","1500763055","7/22/2017 10:37:35 PM","0xab4d917b39d57e24b81999882e6aeef5ca3f7090","0xfbb1b73c4f0bda4f67dca266ce6ef42f520fbb98","63"
"0x8335f6e99288fef1ce0e8a83bd1639bcefac10413c67848c01f251393e779181","4059652","1500763167","7/22/2017 10:39:27 PM","0x689f5466adfbb1f076f24ec4a7d08de48deae10f","0x8737305011408648c0c2fc6ff831d566fbaac483","1663.63540596"
"0x536cdecb24a21f2d74b64d4bcd8ba1fd0a26d7f0a11d89e39b07298abe843073","4059652","1500763167","7/22/2017 10:39:27 PM","0xfbb1b73c4f0bda4f67dca266ce6ef42f520fbb98","0x8047c5218b31b6ee7caa1e08b87941f0c929a5b8","10185.53"
"0xd99c74081049939e727771cd85b9cae10fe944777418c8e7c01094182b4bfd9d","4059657","1500763340","7/22/2017 10:42:20 PM","0xfbb1b73c4f0bda4f67dca266ce6ef42f520fbb98","0xa15913ea3d1e2ca9bb664df9a3811910b2e95386","6540.02761468"
"0x4ba2721ee009b7d2d874a649b81efb5b7761fd7aae142f4f0bee3f89eb9ff36b","4059665","1500763478","7/22/2017 10:44:38 PM","0x1151314c646ce4e0efd76d1af4760ae66a9fe30f","0x8f81085f33f91379b01069e64896a841f555ae8f","3694.712613"
"0x3c5d5c00bb942e1838f9a59fc6f487f7d444ba84ad2423f8c3c6b9e387321fbf","4059670","1500763683","7/22/2017 10:48:03 PM","0x8047c5218b31b6ee7caa1e08b87941f0c929a5b8","0x8737305011408648c0c2fc6ff831d566fbaac483","10185.53"
"0x6891cd98e45a2f0517b9ee23e399423c7d0557da951e2e8783a1a75baca6e662","4059670","1500763683","7/22/2017 10:48:03 PM","0x8f81085f33f91379b01069e64896a841f555ae8f","0xfbb1b73c4f0bda4f67dca266ce6ef42f520fbb98","3694.712613"
"0x643a395e79917d8079bf17c9dcd838e09bb91cfc258afebf706a9cc7cbb2dc5a","4059674","1500763730","7/22/2017 10:48:50 PM","0x1151314c646ce4e0efd76d1af4760ae66a9fe30f","0x8f81085f33f91379b01069e64896a841f555ae8f","9545.45316801"
"0x4588c427523abd17feeaed09de9ef8c688abbc6c8be17eb3b4f2373ba899e623","4059681","1500763860","7/22/2017 10:51:00 PM","0x8f81085f33f91379b01069e64896a841f555ae8f","0xfbb1b73c4f0bda4f67dca266ce6ef42f520fbb98","9545.45316801"
"0xdeedc369b8a641488b8bb288283fbdae2595bf42c0d93b222f0106f6f0512abf","4059683","1500763881","7/22/2017 10:51:21 PM","0x388736a2b2146faf07708cad3795c346d641bd99","0xe8eaa7128ba09c169eeb8acaef2221b38e4b2a30","194.43695821"
"0x3e0e6b1c7cf637b7024f9ae7b1ebfe57e2c463d9469a4873e331aa97e74154fd","4059693","1500764018","7/22/2017 10:53:38 PM","0xe8eaa7128ba09c169eeb8acaef2221b38e4b2a30","0xfbb1b73c4f0bda4f67dca266ce6ef42f520fbb98","194.43695821"
"0xf59632840bc96af284606b186ad87c46da68a1ed5924ae43f2053261eb9bd17d","4059703","1500764209","7/22/2017 10:56:49 PM","0x2ebb507b1da5b2619515d542a8af27b0747a6bc2","0x17006f2a27dba31db769325d629b9ed5428e1886","19"
"0xb05177f45e680a8af4a958351379cc900bbde0e761b149875417531c9966d867","4059723","1500764471","7/22/2017 11:01:11 PM","0x2ebb507b1da5b2619515d542a8af27b0747a6bc2","0x1d870c370d2b6ce933dcadf6042cbcb99b15402f","491"
"0xb1c25f25a2ef81de8ea1b2b363c559dcbb08d7979d679b19773998c3d945d348","4059723","1500764471","7/22/2017 11:01:11 PM","0x1151314c646ce4e0efd76d1af4760ae66a9fe30f","0x8f81085f33f91379b01069e64896a841f555ae8f","1997.71733311"
"0x8edfeb56607ba09941b9146f2289e7d535259f0a930633f88abf0147859cc3af","4059725","1500764521","7/22/2017 11:02:01 PM","0x2ebb507b1da5b2619515d542a8af27b0747a6bc2","0x17006f2a27dba31db769325d629b9ed5428e1886","765.1167"
"0x6993fb35f0be5e1aabc91c91be4e862e7574ebb9d2d29a30e2c3f439228993e8","4059730","1500764640","7/22/2017 11:04:00 PM","0x8f81085f33f91379b01069e64896a841f555ae8f","0xfbb1b73c4f0bda4f67dca266ce6ef42f520fbb98","1997.71733311"
"0x26f5f89df9cfff194917db1a07ed56c1710047d2141dde41ba8daadd5d1ad512","4059760","1500765115","7/22/2017 11:11:55 PM","0x1151314c646ce4e0efd76d1af4760ae66a9fe30f","0x8f81085f33f91379b01069e64896a841f555ae8f","2275.3829331"
"0x5ef0f30036f6c11f07381967b527c175bb262f17a3629efa74f09f3f906f2a4c","4059771","1500765275","7/22/2017 11:14:35 PM","0x8f81085f33f91379b01069e64896a841f555ae8f","0xfbb1b73c4f0bda4f67dca266ce6ef42f520fbb98","2275.3829331"
"0x3047f15f1baa8408002da4ccb06ab99b74ec3aeb6da08a30c2cb2924a3787cdd","4059798","1500765720","7/22/2017 11:22:00 PM","0x8737305011408648c0c2fc6ff831d566fbaac483","0x788d3a2e88cf44b6c392b11f0262f3f93365d22d","765.3586152"
"0xf34a8fcfb1d59d58ba48efa93dc2b78f54af02b84e3caaf5f8232d3e82a12617","4059819","1500766091","7/22/2017 11:28:11 PM","0xfbb1b73c4f0bda4f67dca266ce6ef42f520fbb98","0xb7aa88f43e1ad3d745d02587cf9a55a87ec31937","6000"
"0xd10b1ae89981d4ea00359e3f461811b49da945772d6fed2c3c8910c853fc25a7","4059825","1500766200","7/22/2017 11:30:00 PM","0xfbb1b73c4f0bda4f67dca266ce6ef42f520fbb98","0x3d07c77c3478592a1640a1ff41a83396e74b2b68","299.99"
"0x6d94230485c2901718f85569b29fee565ccfac0368ca00e33b5a29a20cb5ecf1","4059825","1500766200","7/22/2017 11:30:00 PM","0x1151314c646ce4e0efd76d1af4760ae66a9fe30f","0x8f81085f33f91379b01069e64896a841f555ae8f","8192.24324199"
"0x16765a55ab53bfc9d7b0f30decce0c61a2af426abdcd170ea0a88c322f4c0866","4059832","1500766292","7/22/2017 11:31:32 PM","0x8f81085f33f91379b01069e64896a841f555ae8f","0xfbb1b73c4f0bda4f67dca266ce6ef42f520fbb98","8192.24324199"
"0xe776e405c26526f72116391c668c1279e5d29e5d728bb425ad204fd47f25a82b","4059835","1500766379","7/22/2017 11:32:59 PM","0x1151314c646ce4e0efd76d1af4760ae66a9fe30f","0x8f81085f33f91379b01069e64896a841f555ae8f","4302.94699205"
"0xa5e699f728b4030adaca765f0d0298c8a4bcd60ada4de8d345dd83b619a35526","4059840","1500766472","7/22/2017 11:34:32 PM","0x3d07c77c3478592a1640a1ff41a83396e74b2b68","0x5e575279bf9f4acf0a130c186861454247394c06","299.99"
"0x64f447c3de6dde457d2cc1965ba1ffc88d0a406284bb168b0ce081dba01fa6f3","4059840","1500766472","7/22/2017 11:34:32 PM","0x261b012340b27f987fad84b716948dcd54ac4bb3","0x145cb6f3c811b77e28dda2fa5ab0a8fafa5be8bf","647"
"0x6ed3e1a608d7f513f6384672ce5820bdbf7725fd7a04c4b9aaef0b2f1df66639","4059840","1500766472","7/22/2017 11:34:32 PM","0x8f81085f33f91379b01069e64896a841f555ae8f","0xfbb1b73c4f0bda4f67dca266ce6ef42f520fbb98","4302.94699205"
"0x787e0f8402bd57ef099d53d6538fcb7cccdc9a11ec6927776b237e7fc15515ed","4059841","1500766579","7/22/2017 11:36:19 PM","0x1151314c646ce4e0efd76d1af4760ae66a9fe30f","0x8f81085f33f91379b01069e64896a841f555ae8f","3119.78655797"
"0x06dfb92a48ea1775cfc2a78db6d48d80292ebc23ad968ff4d8b225f15df6607c","4059842","1500766608","7/22/2017 11:36:48 PM","0x2ebb507b1da5b2619515d542a8af27b0747a6bc2","0x7d9f0140f059f9c2c9bca489af71fa8329b4600f","99"
"0xb21aeb6cbfb75d9be52998c1ac70967e03c735d86e139d873176d30ea8feefee","4059847","1500766675","7/22/2017 11:37:55 PM","0x2ebb507b1da5b2619515d542a8af27b0747a6bc2","0x29423ec6e1c6d9ed4a6d949401619a5da08202e7","51"
"0x6a264c47fc67d25b6bde96668629e0da9ca88cebe4d47d0947c18a2d28d29aff","4059848","1500766746","7/22/2017 11:39:06 PM","0x8f81085f33f91379b01069e64896a841f555ae8f","0xfbb1b73c4f0bda4f67dca266ce6ef42f520fbb98","3119.78655797"
"0xf0fbe589e3798d9165035516de708fe7ed3d6801215eeed6c49e98ac8b3a551c","4059848","1500766746","7/22/2017 11:39:06 PM","0x145cb6f3c811b77e28dda2fa5ab0a8fafa5be8bf","0xfbb1b73c4f0bda4f67dca266ce6ef42f520fbb98","647"
"0xd6408db6330867c518ff215cd4ab7bf9b2977271a1e5e7e12f6cada9b4512002","4059848","1500766746","7/22/2017 11:39:06 PM","0x1151314c646ce4e0efd76d1af4760ae66a9fe30f","0x6a7e3b8c55d0a1b672ca960fa571cc9336d4e3bb","1017.209"
"0xde68cfddecba0b61717458a7eb54fb3b8542245e0d08982d3f4f6aaf8ae6df30","4059849","1500766751","7/22/2017 11:39:11 PM","0x2ebb507b1da5b2619515d542a8af27b0747a6bc2","0x6b6476264ad8574a6e0351dfb9687d09f5a459de","4990"
"0x2a31abc1cdcd4b1fc1185a0ad475891f643933bc608aff3ce54d2677f3f51082","4059858","1500766923","7/22/2017 11:42:03 PM","0xfbb1b73c4f0bda4f67dca266ce6ef42f520fbb98","0xff49634131abaf012faaaf0d7ef0003bc82dd90a","1727.98278818"
"0xaa13dafaaded74351d8ba57e26eecc2a5165fcc254be75b2214d6af56f81dec6","4059865","1500767003","7/22/2017 11:43:23 PM","0x6a7e3b8c55d0a1b672ca960fa571cc9336d4e3bb","0x8737305011408648c0c2fc6ff831d566fbaac483","1017.209"
"0xac16575114c90c2295b36a066c1c4ca7557e23f8e202ff8db4e928bceb729e77","4059866","1500767036","7/22/2017 11:43:56 PM","0x2ebb507b1da5b2619515d542a8af27b0747a6bc2","0x7d9f0140f059f9c2c9bca489af71fa8329b4600f","2694.6"
"0x994cadcb9137e63e36f7b16b8428daf21ab7cefa3cfcdba47e3d3b78bb264675","4059866","1500767036","7/22/2017 11:43:56 PM","0x8737305011408648c0c2fc6ff831d566fbaac483","0x4a7975f249f0da0e1029db20e2ee5ccc410c8a11","746.2545"
"0x5cf343aded2cb6a62a6079ed8a3dbb43e7ffcda7ed0f8461ad25d0029746be3d","4059866","1500767036","7/22/2017 11:43:56 PM","0xfbb1b73c4f0bda4f67dca266ce6ef42f520fbb98","0x8f9d9cd399f22e2f093a3626a7a58724b4f5bc3b","10"
"0x5b68c359c541dc3cc5c60f30ca860ffcca9ee091d70cdbbb6e7947afe80a2503","4059868","1500767086","7/22/2017 11:44:46 PM","0x6b6476264ad8574a6e0351dfb9687d09f5a459de","0x8737305011408648c0c2fc6ff831d566fbaac483","4990"
"0xd7edbe9a3c58ac30d3703573ac6d6e25b84a1911f84ceec129d2970e83ca1b47","4059868","1500767086","7/22/2017 11:44:46 PM","0x29423ec6e1c6d9ed4a6d949401619a5da08202e7","0x8737305011408648c0c2fc6ff831d566fbaac483","51"
"0x2d7aa177131177529ec0094bb4462ec292df5db56c4dad61d2b00d726f235c8b","4059871","1500767185","7/22/2017 11:46:25 PM","0xfbb1b73c4f0bda4f67dca266ce6ef42f520fbb98","0xd84c83e5719e72b5c827490db4e875f8ca5a83bd","4931.7659"
"0x2575c257f4ca354b19ca097f2e66fc622deb59537f73e7a595205d2b28bc1da7","4059874","1500767282","7/22/2017 11:48:02 PM","0x50c70f32c9f06226b58ecf83ff4f1742b6b16de9","0xbad1887e0f912d9b4a2eb9a92bdd87d5f2355c4f","10000"
"0xdd1c9d88d93dcb6c3ad407e3440f75715e09f64f0652a003670923b99935896c","4059876","1500767373","7/22/2017 11:49:33 PM","0x36e49cb5725992fced26850b0fed29d2ec66c08f","0x35ffa15dc2662f8527c282d1a96e801a5554d19e","5389"
"0xbb8a97707e12c9ad4a59fb32fe80a6e758bf14dd2b147dbbbaa5e680f45d88e9","4059879","1500767394","7/22/2017 11:49:54 PM","0x1151314c646ce4e0efd76d1af4760ae66a9fe30f","0x8f81085f33f91379b01069e64896a841f555ae8f","10114.68063011"
"0x1cf0582fbffd5dff771e3a3c1f0f9a5145e71dcb9a6447b5d267506441f48d0e","4059882","1500767518","7/22/2017 11:51:58 PM","0x1151314c646ce4e0efd76d1af4760ae66a9fe30f","0x6a7e3b8c55d0a1b672ca960fa571cc9336d4e3bb","1777.9"
"0xbc27d0993caeeb260dee9ac26120140b7a856a1584f1fd18a7e071acacf92974","4059884","1500767526","7/22/2017 11:52:06 PM","0x8f81085f33f91379b01069e64896a841f555ae8f","0xfbb1b73c4f0bda4f67dca266ce6ef42f520fbb98","10114.68063011"
"0x54af3bda7e5378fc0dcb0e297c4de92230238fcd97596e1036bf4e36e0f7cffc","4059886","1500767554","7/22/2017 11:52:34 PM","0x2c3089198b48663ac124480cbd533953179ac8a9","0xdcdeba988af68e4d54e5f6a3513511aecd5df17a","2804.8047"
"0x6b2523358ae7ff68b8a6cd6591479bfdb9a911f526c814993cb4fe337e336d94","4059893","1500767663","7/22/2017 11:54:23 PM","0xbad1887e0f912d9b4a2eb9a92bdd87d5f2355c4f","0x8737305011408648c0c2fc6ff831d566fbaac483","10000"
"0x6e32b4a1eeb2f8d7380324ac1c4899516b08bac20ad123857a8d9a995da11009","4059897","1500767735","7/22/2017 11:55:35 PM","0x6a7e3b8c55d0a1b672ca960fa571cc9336d4e3bb","0x8737305011408648c0c2fc6ff831d566fbaac483","1777.9"
"0x837353bc55a9349a2ce4136a5cf5fac75e06c7fabfdbbb80e72501fcecf3486e","4059897","1500767735","7/22/2017 11:55:35 PM","0xd84c83e5719e72b5c827490db4e875f8ca5a83bd","0x8737305011408648c0c2fc6ff831d566fbaac483","4931.7659"
"0x84de58d8cc4d3a152a5fc2e964ae35004e6095426f249077e9a8e826e837b80c","4059906","1500767846","7/22/2017 11:57:26 PM","0xdcdeba988af68e4d54e5f6a3513511aecd5df17a","0x8737305011408648c0c2fc6ff831d566fbaac483","2804.8047"
"0x78d9f4c8417ce805458c9f11e251febe3821e90120ebeb99f97065ea698415b8","4059910","1500767886","7/22/2017 11:58:06 PM","0xfbb1b73c4f0bda4f67dca266ce6ef42f520fbb98","0xb69874d76b48f666f72137bfcc9347d1adcbcee7","0.99"
"0xcd16d68263b651ba5f171a78fcc3e4d8d39b85c3e3fd7489a3ec1e61d29d2b8d","4059913","1500767931","7/22/2017 11:58:51 PM","0x1151314c646ce4e0efd76d1af4760ae66a9fe30f","0x8f81085f33f91379b01069e64896a841f555ae8f","4048.58564529"
"0x96611c9147441064d4e3688006f7fc7b36845cb05b26bcc5a166fb40a1643130","4059918","1500768083","7/23/2017 12:01:23 AM","0x8d12a197cb00d4747a1fe03395095ce2a5cc6819","0x4c2a14bc2e9e8781fa15e4b0ba197e7599578281","1000"
"0xd0d7d74ea6b1d087718633b4d6d0dcaebba0c02748160cc3e0cc151294af25eb","4059919","1500768132","7/23/2017 12:02:12 AM","0x1151314c646ce4e0efd76d1af4760ae66a9fe30f","0x3c154d6a5f53e66085ce1d7c26f23aeb6d6b18ac","3043.9"
"0xe24453fc3c184420757b4d2861af5ef7e2bf7ecaaca6425a1bcfe97423bbb946","4059919","1500768132","7/23/2017 12:02:12 AM","0x1151314c646ce4e0efd76d1af4760ae66a9fe30f","0xc0702e8967cf4711407e854c6b79470c5952638c","1400"
"0x2cd02fa2aa163d132578fa2f6cc073e3aff4418de86836a313009461cc455616","4059920","1500768172","7/23/2017 12:02:52 AM","0x8f81085f33f91379b01069e64896a841f555ae8f","0xfbb1b73c4f0bda4f67dca266ce6ef42f520fbb98","4048.58564529"
"0x78813a376c5289c25e277b103783a594d8379f3b38580b699f5a7d183dbd27ee","4059927","1500768284","7/23/2017 12:04:44 AM","0xa3f59ebc3bf8fa664ce12e2f841fe6556289f053","0x9ce33f5b4542cb44e6350b0fee672e95f9b8e2e2","2154.03"
"0xb41b291391d297e0644e8d506fa5e54a05f73339e1c2343f10eb3b67f5618fc8","4059931","1500768346","7/23/2017 12:05:46 AM","0x1151314c646ce4e0efd76d1af4760ae66a9fe30f","0x6cd9a96a155edeb492e5f6f4e58b867eac0d8da2","4657.5"
"0x015ee2ae97fc0dae00ddc15c79c06060d9db94c11ef814a04c49496da41ce785","4059932","1500768359","7/23/2017 12:05:59 AM","0xfbb1b73c4f0bda4f67dca266ce6ef42f520fbb98","0x8f9d9cd399f22e2f093a3626a7a58724b4f5bc3b","564.98"
"0x962795f7b68dc24168904f9403cde4ba11ff3be5901211cb47728a14acf008fd","4059932","1500768359","7/23/2017 12:05:59 AM","0xfbb1b73c4f0bda4f67dca266ce6ef42f520fbb98","0xb69874d76b48f666f72137bfcc9347d1adcbcee7","36378.0728644"
"0x858be02a09c9f05063c673f0d31a3a2b34c5c0341154617104a3b7605c5c36d8","4059937","1500768411","7/23/2017 12:06:51 AM","0xc0702e8967cf4711407e854c6b79470c5952638c","0x5e575279bf9f4acf0a130c186861454247394c06","1400"
"0x3fa08ee93c6a5c823c813343395c04e076b82b07f7451b314186b27082f881af","4059946","1500768589","7/23/2017 12:09:49 AM","0x1151314c646ce4e0efd76d1af4760ae66a9fe30f","0x8f81085f33f91379b01069e64896a841f555ae8f","8984.03807021"
"0x443c3965367bb6b754100002b4ed4e074f71caca426500cbae810ad6ff9bd80d","4059951","1500768653","7/23/2017 12:10:53 AM","0x8f81085f33f91379b01069e64896a841f555ae8f","0xfbb1b73c4f0bda4f67dca266ce6ef42f520fbb98","8984.03807021"
"0x5c43498a871198cf852bf11cd15d888185f5110e2f88d719c7205d2fce2bcfe3","4059953","1500768688","7/23/2017 12:11:28 AM","0x6cd9a96a155edeb492e5f6f4e58b867eac0d8da2","0x8737305011408648c0c2fc6ff831d566fbaac483","4657.5"
"0xf1de44f8ef5af2e6ff2b9e5f22e2378562d76e28900b8854165f8a236c73aae7","4059955","1500768736","7/23/2017 12:12:16 AM","0x8737305011408648c0c2fc6ff831d566fbaac483","0x22957fb9ae50535671a909a7bbf58a0c12f3d14e","842.590622"
"0x9f3822a1af0e2e75ba9f823bcb0f371b050c52fa15949212af28013a29682294","4059959","1500768767","7/23/2017 12:12:47 AM","0x1151314c646ce4e0efd76d1af4760ae66a9fe30f","0x6a7e3b8c55d0a1b672ca960fa571cc9336d4e3bb","1238.9"
"0xf333cfb4a041bb9173947b7288bdc7e315c1896138ab44ee68467a91d3318cb9","4059963","1500768855","7/23/2017 12:14:15 AM","0x8737305011408648c0c2fc6ff831d566fbaac483","0x51e381acb285d0bc9719356762c3432a118b345f","29.91"
"0xbc7cc63fc7425352a2b6c92e4ef09bb45cde0af3a31e90db290349315699ab21","4059975","1500768946","7/23/2017 12:15:46 AM","0x388736a2b2146faf07708cad3795c346d641bd99","0x3568bd84a0d6e99cca50ee4bf0f612f603eff48e","211.21545278"
"0x985136fd8b56cb9cca583a7e10d610783779a73b3654a76da93e6cf7ae1c0235","4059981","1500769063","7/23/2017 12:17:43 AM","0x1151314c646ce4e0efd76d1af4760ae66a9fe30f","0x8f81085f33f91379b01069e64896a841f555ae8f","1556.3968251"
"0x49e55c8371c89267f98151ba9ba591232778c5650df7828d235f35aa608077fb","4059984","1500769084","7/23/2017 12:18:04 AM","0xfbb1b73c4f0bda4f67dca266ce6ef42f520fbb98","0xef3e23c3c94cc93b09e517f00f090d61561710a2","99.99"
"0x826cef6737e3987a4bd89ec967440d99bffae45894feebf014e7e6b0696454ac","4059985","1500769099","7/23/2017 12:18:19 AM","0x6a7e3b8c55d0a1b672ca960fa571cc9336d4e3bb","0x8737305011408648c0c2fc6ff831d566fbaac483","1238.9"
"0x28175b01b75d6b0144c8d903de0cba77ac10e1f847f5b1c59c0b4959f144e633","4059987","1500769161","7/23/2017 12:19:21 AM","0x3568bd84a0d6e99cca50ee4bf0f612f603eff48e","0xfbb1b73c4f0bda4f67dca266ce6ef42f520fbb98","211.21545278"
"0xfac2a726c8d9ea2c06e5a64493cfcfc2f62ea8af07a434f6d3ef30a6e4b729eb","4059987","1500769161","7/23/2017 12:19:21 AM","0x8f81085f33f91379b01069e64896a841f555ae8f","0xfbb1b73c4f0bda4f67dca266ce6ef42f520fbb98","1556.3968251"
"0x387cbbcceeb1a86d05888e98e36e6a72cb8e7f308ff33527bfb8b8c37c4ae82a","4059992","1500769252","7/23/2017 12:20:52 AM","0x1151314c646ce4e0efd76d1af4760ae66a9fe30f","0x8f81085f33f91379b01069e64896a841f555ae8f","2704.78999181"
"0x5dfeb0ed4d03986d66bb0078c417f50de7cdcbd5c8389f2d8de5de1269596625","4060001","1500769458","7/23/2017 12:24:18 AM","0x8f81085f33f91379b01069e64896a841f555ae8f","0xfbb1b73c4f0bda4f67dca266ce6ef42f520fbb98","2704.78999181"
"0x8e9fab5b9350ef0ce54b89e8c2a77401c75cca3224a1d6f9556a55da62297be4","4060007","1500769539","7/23/2017 12:25:39 AM","0xef3e23c3c94cc93b09e517f00f090d61561710a2","0x8737305011408648c0c2fc6ff831d566fbaac483","99.99"
"0xe50e11503f3cd3d51fb1b996fcd67759846204b29a08be267c6a0f585084dad2","4060007","1500769539","7/23/2017 12:25:39 AM","0x1151314c646ce4e0efd76d1af4760ae66a9fe30f","0x8f81085f33f91379b01069e64896a841f555ae8f","4307.65588741"
"0xeb32a30904f3f986f84f6c8d5551ecef902310605d5c03e2d19f9adc8b0c4fa0","4060009","1500769688","7/23/2017 12:28:08 AM","0x138b965d1d97d9439d552ff16e301c99b899dd16","0x93cf6158328f2814982f5bbf0555cfb86d2d948f","10000"
"0xe8b227105feb29d8032a32abd830c510bb4c01bfbcfbe7c177d25aef71f4c217","4060010","1500769704","7/23/2017 12:28:24 AM","0x8f81085f33f91379b01069e64896a841f555ae8f","0xfbb1b73c4f0bda4f67dca266ce6ef42f520fbb98","4307.65588741"
"0x259ba93a311d5cd53e0c73c2e7ced2ef2d6dd11a3f5c33b487dc78c72933c64c","4060010","1500769704","7/23/2017 12:28:24 AM","0x5e575279bf9f4acf0a130c186861454247394c06","0xa61b60292097c909a2b0285d33a49bc5fee46ef4","35.81317782"
"0xc4c071a2b6f7a4c24264149b5d3a6617afbd9501169cb5b6dd09d5a50a7c4e5e","4060010","1500769704","7/23/2017 12:28:24 AM","0xfbb1b73c4f0bda4f67dca266ce6ef42f520fbb98","0x95dabcf09cd40169b37edfbb044656dd9f6a421b","7.99"
"0x06012a2a8310545573d8e78a2db23f99565ec34c25cfbc397dcbdf54d7bb3f7d","4060016","1500769783","7/23/2017 12:29:43 AM","0x93cf6158328f2814982f5bbf0555cfb86d2d948f","0xfbb1b73c4f0bda4f67dca266ce6ef42f520fbb98","10000"
"0xa922258072852a357d77bc27616373523a81627ba1129d811d5cdbf9bff65111","4060016","1500769783","7/23/2017 12:29:43 AM","0xfce6731da48a20df0aa1117621fe26382c4c86ab","0xd8ed9623588564ffc7f664e7a72fac059ce4427a","990"
"0x9b8d7c651ef4b228d0d967ed8e49aed08a48256aa035134fd16c9ce82fe831e8","4060023","1500769937","7/23/2017 12:32:17 AM","0x9c5d118b8b7bf6f690120043eceb1006eb35000b","0x966d97081dc83c0a22ae71834daf955fb43e3df3","500"
"0x15b5cffbb9607335227b42334b212294e412d57699c73e13f212582f0c1800f8","4060023","1500769937","7/23/2017 12:32:17 AM","0x1151314c646ce4e0efd76d1af4760ae66a9fe30f","0x8f81085f33f91379b01069e64896a841f555ae8f","5018.50156226"
"0x254f8ffcfe5c39a75234e18ea12b8b506c25d35a32fd70cafd7985c5d4a4cb44","4060023","1500769937","7/23/2017 12:32:17 AM","0xfbb1b73c4f0bda4f67dca266ce6ef42f520fbb98","0x6bf677c4b8c6971dc46852e513f452e5d52976a9","810.30153153"
"0xb23014f05606194d03b1a46846bfec6e9344f7bc1b8867e2c0c7b71a6ed1663c","4060023","1500769937","7/23/2017 12:32:17 AM","0xfbb1b73c4f0bda4f67dca266ce6ef42f520fbb98","0x95dabcf09cd40169b37edfbb044656dd9f6a421b","6480.33256598"
"0x112c05511cecc1fb7cb465dd05a6fddbe630b5b3c115d6d01ac549991d459884","4060027","1500770005","7/23/2017 12:33:25 AM","0xa61b60292097c909a2b0285d33a49bc5fee46ef4","0x1151314c646ce4e0efd76d1af4760ae66a9fe30f","35.81317782"
"0xb1ecf797c5c7d30a92354dcf349c6411a8f0aaae94e6b2f366eb88c438f9eccc","4060030","1500770027","7/23/2017 12:33:47 AM","0x1151314c646ce4e0efd76d1af4760ae66a9fe30f","0x8a8147b5f5670f6031403c4a686544008946dc65","988.9"
"0xba9f98a4687d9cf11c3a75aef17c918484b24dcd49bdb2a2116a28ba50352d1c","4060038","1500770125","7/23/2017 12:35:25 AM","0x8f81085f33f91379b01069e64896a841f555ae8f","0xfbb1b73c4f0bda4f67dca266ce6ef42f520fbb98","5018.50156226"
"0xac87c2fd8650f19dfa7a3e29061c81f29d1b4d760117614565de870b517a4c9d","4060038","1500770125","7/23/2017 12:35:25 AM","0xd8ed9623588564ffc7f664e7a72fac059ce4427a","0x8737305011408648c0c2fc6ff831d566fbaac483","990"
"0xa532f94015eca3e35770a0a4d8a0f8acbbc5b08577dd7de23a05b195456d3678","4060042","1500770206","7/23/2017 12:36:46 AM","0x966d97081dc83c0a22ae71834daf955fb43e3df3","0x8737305011408648c0c2fc6ff831d566fbaac483","500"
"0x0c7ebb5d56f731c902292238c45caf1b7b9f768d397fc54581e155bc56ff0b9d","4060058","1500770380","7/23/2017 12:39:40 AM","0x388736a2b2146faf07708cad3795c346d641bd99","0x3568bd84a0d6e99cca50ee4bf0f612f603eff48e","5222.96915813"
"0xf3206d0e99c4180c9e46dfa58c7b22d3e0dd70d48f67f3e81689eec7d16bd87c","4060058","1500770380","7/23/2017 12:39:40 AM","0x1151314c646ce4e0efd76d1af4760ae66a9fe30f","0xe54862299a152e3affd7b00838d20e364568d842","10840.9"
"0x8b8bd855ef540e2d0494f7322720230ee3f781a3ceb90b08e34bf88fca791d29","4060058","1500770380","7/23/2017 12:39:40 AM","0x1151314c646ce4e0efd76d1af4760ae66a9fe30f","0x8f81085f33f91379b01069e64896a841f555ae8f","1846.25503042"
"0x86ac5ba14e95cc17650e972afedff732d9edf8bc377abb80cc05943c242bee97","4060062","1500770442","7/23/2017 12:40:42 AM","0x8f81085f33f91379b01069e64896a841f555ae8f","0xfbb1b73c4f0bda4f67dca266ce6ef42f520fbb98","1846.25503042"
"0x8fb3376a1b80d5d41381f87508e1669f9a631165bbe6798032e6f4a160037a8c","4060071","1500770604","7/23/2017 12:43:24 AM","0x3568bd84a0d6e99cca50ee4bf0f612f603eff48e","0xfbb1b73c4f0bda4f67dca266ce6ef42f520fbb98","5222.96915813"
"0x5bb538360e49e58ddebbc18e41ab7d9f1399274e602c8adcefcc4f7a1b21ca40","4060076","1500770693","7/23/2017 12:44:53 AM","0x1151314c646ce4e0efd76d1af4760ae66a9fe30f","0x2c3089198b48663ac124480cbd533953179ac8a9","6860.34514827"
"0x6833a6dab2b7aa5e524b7110c4acffe13908fc4732790581dc84de9d5e4d2aff","4060085","1500770930","7/23/2017 12:48:50 AM","0xfbc6ccce94d66ef6cbc1eb5e618176f9a695783f","0xfab903fcd2df75701e3dd3c0ad9833fc9236e6a6","200"
"0x0f760ce574171fdc31a82fd79020870c62f724014b631665fefba0dfd39ad1c1","4060094","1500771121","7/23/2017 12:52:01 AM","0x1151314c646ce4e0efd76d1af4760ae66a9fe30f","0x8f81085f33f91379b01069e64896a841f555ae8f","9959.00871074"
"0xe89055b6d60ad2bd478732e096d3a5aeb2eee043711d6b4dbb46f4a9dc3cae94","4060099","1500771239","7/23/2017 12:53:59 AM","0x8f81085f33f91379b01069e64896a841f555ae8f","0xfbb1b73c4f0bda4f67dca266ce6ef42f520fbb98","9959.00871074"
"0x64d10c2bd67f490fce75fe2b3cc772dc64bffb53b5758bc6f82b0f976d027e82","4060101","1500771340","7/23/2017 12:55:40 AM","0xfbc6ccce94d66ef6cbc1eb5e618176f9a695783f","0xfab903fcd2df75701e3dd3c0ad9833fc9236e6a6","620"
"0x3888e1b711355eda4ad854adcb63c0808b71f002318da9f5da6a305143cd4faa","4060101","1500771340","7/23/2017 12:55:40 AM","0x1151314c646ce4e0efd76d1af4760ae66a9fe30f","0xd5d1f1e5408c080a95f5c763739451016169ca9e","408.78"
"0x9da471902716a3359c1db6635229423e798a1fe4cbbef7599da8b99fd29f7156","4060114","1500771607","7/23/2017 1:00:07 AM","0x1151314c646ce4e0efd76d1af4760ae66a9fe30f","0x8f81085f33f91379b01069e64896a841f555ae8f","3400.62054206"
"0xefd8967b2d9c8c581e648ff0c1ef691bdaae45248bca2db6c71040c5a3856d7c","4060124","1500771732","7/23/2017 1:02:12 AM","0x8f81085f33f91379b01069e64896a841f555ae8f","0xfbb1b73c4f0bda4f67dca266ce6ef42f520fbb98","3400.62054206"
"0x3c127b6254538050ca247c539a74c74847d864b9898c4736aa706243401716f9","4060125","1500771761","7/23/2017 1:02:41 AM","0xfbb1b73c4f0bda4f67dca266ce6ef42f520fbb98","0x95dabcf09cd40169b37edfbb044656dd9f6a421b","107.34088484"
"0xcdd453b631b80d1b13493157ab54b9e0d2c725a8bc4b24e950af8e24bafdd97e","4060131","1500771904","7/23/2017 1:05:04 AM","0x1151314c646ce4e0efd76d1af4760ae66a9fe30f","0x8f81085f33f91379b01069e64896a841f555ae8f","4743.18277595"
"0x5e742a403c29adfb20303ee2a7e14edd315d6574b042a67c52282c3087c86349","4060135","1500772035","7/23/2017 1:07:15 AM","0x8f81085f33f91379b01069e64896a841f555ae8f","0xfbb1b73c4f0bda4f67dca266ce6ef42f520fbb98","4743.18277595"
"0xddbc297383538c16a81ba19b9cbc04a6d6198be03955b34cce59652e536d21ca","4060145","1500772172","7/23/2017 1:09:32 AM","0xa3f59ebc3bf8fa664ce12e2f841fe6556289f053","0x0c9cb4b10317be3d24074ea92e75f63c2b8a0903","10666.68"
"0x51e2ca739208cda652c5168849f2deb52ae129c82b9c1409468c5c25c84e1f5a","4060160","1500772436","7/23/2017 1:13:56 AM","0x1151314c646ce4e0efd76d1af4760ae66a9fe30f","0x8f81085f33f91379b01069e64896a841f555ae8f","5160.35421754"
"0xcc811171af60420c5cd10514d7c467a819fb05c2bfed7cafdd48a9ba06ddc308","4060161","1500772440","7/23/2017 1:14:00 AM","0xea97fb2a53f15b64001e1dc55686cdb942b00954","0x0c9cb4b10317be3d24074ea92e75f63c2b8a0903","3000"
"0x876e7efba7223e5a909eb58973125dc7e070331d3c05aa339eb632536cc21d1b","4060163","1500772448","7/23/2017 1:14:08 AM","0x8f077c8b4876004ef3549ceebf312d36f5b109ef","0xeb8f488eec1d76fb16c630bc964a30c172d15267","100000"
"0xa89de4e33d3fc24530e8f2b941ff7a9e513b55d6fa24e83b11958b6138f0aa49","4060171","1500772508","7/23/2017 1:15:08 AM","0x8f81085f33f91379b01069e64896a841f555ae8f","0xfbb1b73c4f0bda4f67dca266ce6ef42f520fbb98","5160.35421754"
"0xc6089e5661a4e9ae8a759603cb6b9fed439ed3865b36ddf18f319c4f24b615a1","4060171","1500772508","7/23/2017 1:15:08 AM","0xeb8f488eec1d76fb16c630bc964a30c172d15267","0xfbb1b73c4f0bda4f67dca266ce6ef42f520fbb98","100000"
"0xa5d20b8b56f76dfaa0fa6ad6e993d3d5e31c87f801b4c2fe227a0c81e47bc6b7","4060172","1500772559","7/23/2017 1:15:59 AM","0x5e575279bf9f4acf0a130c186861454247394c06","0xa410acf3f3f1607201aeafa8e3bbc8e01a113eb3","196.06930101"
"0x6a2819bceecdc3f6afcf6a288c56056377c7d3d473bf515f737be690d4c98172","4060181","1500772713","7/23/2017 1:18:33 AM","0xa410acf3f3f1607201aeafa8e3bbc8e01a113eb3","0xfbb1b73c4f0bda4f67dca266ce6ef42f520fbb98","196.06930101"
"0x3839c47fb81c3814257ad2b374a40f7306c467d0dc23742c5b3ce9ee97108863","4060193","1500772925","7/23/2017 1:22:05 AM","0x840976a63a8dc098db0f54257c4f3dbea3378dab","0xe160424c8cb40878e7fb7da667be5826f6a45bf1","100000"
"0x4a89fe836f13a2b2a090575a892c47dcc78679ab460261cb9b5d987f2092a1a5","4060193","1500772925","7/23/2017 1:22:05 AM","0x1151314c646ce4e0efd76d1af4760ae66a9fe30f","0x6a7e3b8c55d0a1b672ca960fa571cc9336d4e3bb","3089.063"
"0xfd5d9df4adf660c6aaebd718665b147edc3b64a79821ba1d422bb30fc11eaeb1","4060196","1500773014","7/23/2017 1:23:34 AM","0x1151314c646ce4e0efd76d1af4760ae66a9fe30f","0x8f81085f33f91379b01069e64896a841f555ae8f","1469.74598456"
"0x1a8fb52b1c2af470aaf550e4dd52f58aedf7422a38e0996f7fae88da994b30c6","4060196","1500773014","7/23/2017 1:23:34 AM","0xfbb1b73c4f0bda4f67dca266ce6ef42f520fbb98","0x4b4863bf0299ea0bc161ee56b1ad20243792ad5d","5907.42870667"
"0x35e1769d9c3dc09b8f9de29429f1b76f898323165fd28326ce7dcae8bbe87a8b","4060201","1500773119","7/23/2017 1:25:19 AM","0xe160424c8cb40878e7fb7da667be5826f6a45bf1","0xfbb1b73c4f0bda4f67dca266ce6ef42f520fbb98","100000"
"0x490114cd3c34669d407c1702302b1092224dbe348d99788d43a9710b0323bcb1","4060201","1500773119","7/23/2017 1:25:19 AM","0x8f81085f33f91379b01069e64896a841f555ae8f","0xfbb1b73c4f0bda4f67dca266ce6ef42f520fbb98","1469.74598456"
"0xed70e6fc596001d9e98aea4d02dd0328e0c0c0f578fdb3cef9b7e918267d15ca","4060203","1500773159","7/23/2017 1:25:59 AM","0x1151314c646ce4e0efd76d1af4760ae66a9fe30f","0x8f81085f33f91379b01069e64896a841f555ae8f","5985.07851513"
"0x4905fbc15411eb7d27d6632278f837dc222d312d75f5aac98b699020d0392bcd","4060206","1500773220","7/23/2017 1:27:00 AM","0x8737305011408648c0c2fc6ff831d566fbaac483","0x1351de79326caf42b6995087dccf7e52b38d9fa7","2056.92866594"
"0xc14fde80ab26fe3c572539b11cbce5aa03d25ea6cb8bbbe31f9df1c023efa589","4060208","1500773275","7/23/2017 1:27:55 AM","0x8f81085f33f91379b01069e64896a841f555ae8f","0xfbb1b73c4f0bda4f67dca266ce6ef42f520fbb98","5985.07851513"
"0xa50f4bbf45e5652f3f9b2cfe417e9eda3ee5eb9e6f6665362ebf07ebfbb19017","4060208","1500773275","7/23/2017 1:27:55 AM","0x8737305011408648c0c2fc6ff831d566fbaac483","0x1cde89505fa328d57916996228ff78dfd4756f98","9606.45392"
"0xad31e9696eedbe05f1516fa5d665e43fbdf822ca585562b73620e60309c37fd8","4060209","1500773284","7/23/2017 1:28:04 AM","0x8737305011408648c0c2fc6ff831d566fbaac483","0x5189aca330717d0269f4d20ee24e0b37dfd2e74e","3946.58462"
"0x9a9f4cb6873229466b5bd052cfd8eeb805637fc5b198101711e7890425e1c946","4060210","1500773308","7/23/2017 1:28:28 AM","0x6a7e3b8c55d0a1b672ca960fa571cc9336d4e3bb","0x8737305011408648c0c2fc6ff831d566fbaac483","3089.063"
"0xde233ea58bf31c0f64f7efbaed01f863d72fa5b2ddb338c6cda47e8032babd87","4060211","1500773327","7/23/2017 1:28:47 AM","0xfbb1b73c4f0bda4f67dca266ce6ef42f520fbb98","0x950d33eb89939ceb71bb4bef306e38378703111f","0.99"
"0xbfd9f43125f2c98ab8c9ad353eeda80d50972826e99d78c09423d7fefb35496b","4060211","1500773327","7/23/2017 1:28:47 AM","0x1151314c646ce4e0efd76d1af4760ae66a9fe30f","0x8f81085f33f91379b01069e64896a841f555ae8f","3779.12573901"
"0x31fec398a3f9574da6836fa392c0bbea9da2d1f3f5cbecac13286cc893d530ed","4060212","1500773369","7/23/2017 1:29:29 AM","0x4b4863bf0299ea0bc161ee56b1ad20243792ad5d","0x8737305011408648c0c2fc6ff831d566fbaac483","5907.42870667"
"0x3a2247a5b8c2c935870b80b6a77698bb5d8d41efec16431387b793ef9099e53b","4060212","1500773369","7/23/2017 1:29:29 AM","0x8d12a197cb00d4747a1fe03395095ce2a5cc6819","0x9f440eb928fe558dbb9e7972a8be3072cff9f4b2","257.928"
"0x620d3fe792aafa2459258d4b50a2e5412e1fceccb2539a8cd54d1fafd8391545","4060213","1500773384","7/23/2017 1:29:44 AM","0x8737305011408648c0c2fc6ff831d566fbaac483","0x60b4bf902e31c48fd3e3aed35a321381ae5693db","8246.187"
"0xb3f76f3885d7fde7a1e94d036dca74e93b16bba2f0f8f78dde10e31598957304","4060214","1500773443","7/23/2017 1:30:43 AM","0x8f81085f33f91379b01069e64896a841f555ae8f","0xfbb1b73c4f0bda4f67dca266ce6ef42f520fbb98","3779.12573901"
"0x3cb9da5b38197376b5c05eafd714b536c98930eaa83e6618dbebf86055b5f2ee","4060214","1500773443","7/23/2017 1:30:43 AM","0xffd011cc6737e113dc8ba4b2cc294e656e9d8f00","0x2c26600fa57e487b6dcce98e327a03b79d747ad3","199.5"
"0xe2a89b377c28cf294a9cabeb3565461ea72dcbb5c310b5a583d94d21ef879215","4060215","1500773461","7/23/2017 1:31:01 AM","0x8737305011408648c0c2fc6ff831d566fbaac483","0x6dadbc136a53af1a3ff1881f828f90651fb275ed","8792.0222669"
"0x6f7c6bd8c274177deed8188d7bfb033e51a9d3d494739efeb9f4e21b736d0769","4060221","1500773562","7/23/2017 1:32:42 AM","0x9f440eb928fe558dbb9e7972a8be3072cff9f4b2","0x36011b6f8ca62747b22c03f90e8b67d0d27ca448","257.928"
"0x02764187079e6ba6ae0bb47ef0ef7cf41a45b917a6b6110383cfc70636aa366a","4060221","1500773562","7/23/2017 1:32:42 AM","0xfbb1b73c4f0bda4f67dca266ce6ef42f520fbb98","0x950d33eb89939ceb71bb4bef306e38378703111f","50.73992799"
"0xad4343963f56712dfd8ecf1d8e86ef96f888c1f0c1dd2aa0891666cb4e66d2c8","4060224","1500773610","7/23/2017 1:33:30 AM","0x8737305011408648c0c2fc6ff831d566fbaac483","0x1f036e4c35a222c8e03355c8e88d1be1efb9d7d1","1081.18346966"
"0x3551c4769c44cc4afcffdfdd43eca3e78b8cb56d2ad928279c22a65c2109ae37","4060224","1500773610","7/23/2017 1:33:30 AM","0x5e575279bf9f4acf0a130c186861454247394c06","0x566bd52454aed2dafd7469c8aba9e313a748cae7","145.36206816"
"0x7a794d693e8100396ca58cda32a4b8482c793c217033393aa43f86aab776c718","4060225","1500773641","7/23/2017 1:34:01 AM","0x1151314c646ce4e0efd76d1af4760ae66a9fe30f","0x8f81085f33f91379b01069e64896a841f555ae8f","4188.4625301"
"0x89ef86994a6249b3758699e26c7cd751fe9211619607116c17b24ad720292d70","4060225","1500773641","7/23/2017 1:34:01 AM","0x8737305011408648c0c2fc6ff831d566fbaac483","0xfacc8a005fd673fbca9f3c91f1a4784ce92452d9","1315.043"
"0x8ba73a3992481cca9ad711ac619029adf6ce5e4bfc1e0999f5f7678803670f95","4060229","1500773686","7/23/2017 1:34:46 AM","0xfbb1b73c4f0bda4f67dca266ce6ef42f520fbb98","0x629f21a4398f0b9127530fe71b2040e4fd3c3cdf","3099.99"
"0xfa49715e19522f8809649e8e1463719a6d93d857eb304091d9ba365d70b668ad","4060229","1500773686","7/23/2017 1:34:46 AM","0x4fa3ebaafddb6d185294f2772c4dfb648488451c","0x32aa34ab278d36581c6f93b648f7f8414d6eb6c6","21.46222222"
"0xe82bd16deff41f42d7b528bb388d40319bc5aeae32cb002bea7461ae66b1e110","4060238","1500773818","7/23/2017 1:36:58 AM","0x8f81085f33f91379b01069e64896a841f555ae8f","0xfbb1b73c4f0bda4f67dca266ce6ef42f520fbb98","4188.4625301"
"0x836dfdcf800aae935d18894b6ae0cccd108a37f6f93490903fcd85052da22810","4060244","1500773989","7/23/2017 1:39:49 AM","0x4fa3ebaafddb6d185294f2772c4dfb648488451c","0x32aa34ab278d36581c6f93b648f7f8414d6eb6c6","51.06323233"
"0x78607c6a440b3da702e08010d7e1f9e46ac881cc29434a9577fe4d38c87c0562","4060261","1500774383","7/23/2017 1:46:23 AM","0x1151314c646ce4e0efd76d1af4760ae66a9fe30f","0x8f81085f33f91379b01069e64896a841f555ae8f","5617.57796881"
"0x5eb85596483114bc482de20ae0ad51a89994d29f43d4fd321f187d2b095e087c","4060267","1500774438","7/23/2017 1:47:18 AM","0x5e575279bf9f4acf0a130c186861454247394c06","0x5a1eea38cdde2978e32b8ca592d702bd92a43fa2","1464.81271627"
"0x20253176360d0a7f2685037726f8135c3f8922a4e078eb9e249f2a69fd74c36e","4060273","1500774585","7/23/2017 1:49:45 AM","0x8f81085f33f91379b01069e64896a841f555ae8f","0xfbb1b73c4f0bda4f67dca266ce6ef42f520fbb98","5617.57796881"
"0xd4446bc7d2aacc3114d65991c22bdc308c821058ad6cc1e79269169d17e94e13","4060282","1500774754","7/23/2017 1:52:34 AM","0x5a1eea38cdde2978e32b8ca592d702bd92a43fa2","0xfbb1b73c4f0bda4f67dca266ce6ef42f520fbb98","1464.81271627"
"0x04a4866f223094c2fd3cdcffd9f8878aae4a64c18f278c62a0724be4ba40ae46","4060289","1500774923","7/23/2017 1:55:23 AM","0x4fa3ebaafddb6d185294f2772c4dfb648488451c","0x3568bd84a0d6e99cca50ee4bf0f612f603eff48e","4085.73117296"
"0x735e70b3bdfc6449ef467aaeffe9758f9ccc80ba1fef4de83a520124b01ea393","4060294","1500775015","7/23/2017 1:56:55 AM","0xfbb1b73c4f0bda4f67dca266ce6ef42f520fbb98","0x65b32bfe87cf2b29013b2ee710a5214b0a669778","1499.99"
"0x91e0f15ef6206d5f1499a2562055d76948abed52869ebc9e7c626999244b806b","4060297","1500775079","7/23/2017 1:57:59 AM","0x3568bd84a0d6e99cca50ee4bf0f612f603eff48e","0xfbb1b73c4f0bda4f67dca266ce6ef42f520fbb98","4085.73117296"
"0xe46e5f31cf33e0ca1b6615485faccf726f24efa92dd20b2defee08fa39f10978","4060297","1500775079","7/23/2017 1:57:59 AM","0x53bb063b4b51b528563b1d675d51bcef997626de","0xf7748b9475132ed2decd67f7c687e383cd3e43fd","199.5"
"0x5fe2849acb9b1ff1a660ebfb0b44e7034b1fef028c3bd52030126725358570c5","4060297","1500775079","7/23/2017 1:57:59 AM","0x1151314c646ce4e0efd76d1af4760ae66a9fe30f","0x8f81085f33f91379b01069e64896a841f555ae8f","7488.08533398"
"0x68b52c2eb3693447b18db9ea0cc369a529e0692df0f4aca4ec564b800b8893d1","4060297","1500775079","7/23/2017 1:57:59 AM","0xebb705cf1739b2e929b4e863863fe5504cc05605","0x0c2d14cc8095c43bd6ae9dc45d61a10259c6540e","99.5"
"0x15b5a23f92af6f68745b6c072472983c2c428c46bec6b69ffc6fe5e8a9ede2e5","4060302","1500775140","7/23/2017 1:59:00 AM","0xfbb1b73c4f0bda4f67dca266ce6ef42f520fbb98","0x017e0e851c74e17228a2f96c870b5995aaafd2b5","924.80618377"
"0x833b085480a5f72ba4de144b37b0cac7cf1a1fa1b24a08823494588e9330c2dc","4060302","1500775140","7/23/2017 1:59:00 AM","0xfbb1b73c4f0bda4f67dca266ce6ef42f520fbb98","0xe922ce88767feb503458496b61fd1127f7f6087f","13107.3558562"
"0x21751cb0e33110a0b4ab813bd81d3a8c38a1ae0b335c43d144dff3f33062ea0a","4060310","1500775265","7/23/2017 2:01:05 AM","0x8f81085f33f91379b01069e64896a841f555ae8f","0xfbb1b73c4f0bda4f67dca266ce6ef42f520fbb98","7488.08533398"
"0x3ecfff684ba7a985d63f0aeac0df06c14dcfe3e7ef69d24469db5292e764d6d9","4060316","1500775528","7/23/2017 2:05:28 AM","0x2c3089198b48663ac124480cbd533953179ac8a9","0xdcdeba988af68e4d54e5f6a3513511aecd5df17a","6860.3452"
"0xb1c2994472198625cccaf8cd84efea07e130b843960526fc9fd851030193122d","4060318","1500775569","7/23/2017 2:06:09 AM","0x4d9daa6433c921a63f8e8b29ef59ca68328e9620","0x32aa34ab278d36581c6f93b648f7f8414d6eb6c6","80.74547357"
"0xcf8ed0c9b39329a068eaffa4ee3f96d869ecc0d242c10b4e211aeb93e060b82e","4060318","1500775569","7/23/2017 2:06:09 AM","0xe54862299a152e3affd7b00838d20e364568d842","0x597b0ada3c32423eb9cab98de862fd99e60404b5","10840"
"0xa5a001e9d035445afcde5ad5f23dd2e84f22533a2f4c94bfcbd505d9b48c1078","4060318","1500775569","7/23/2017 2:06:09 AM","0x65b32bfe87cf2b29013b2ee710a5214b0a669778","0x8737305011408648c0c2fc6ff831d566fbaac483","1499.99"
"0x2581543ad89daa38c191db57d7275109c4ffe1230057a1b5ddc487e7b9c5f8d7","4060320","1500775599","7/23/2017 2:06:39 AM","0xfbb1b73c4f0bda4f67dca266ce6ef42f520fbb98","0x220aee433c78cc5dd0efd00db39c12424170b001","468.90947586"
"0x8b9e0f0166409e5d548406612884cb675ef33e341afc083513543db0af901416","4060320","1500775599","7/23/2017 2:06:39 AM","0x5e575279bf9f4acf0a130c186861454247394c06","0x5a1eea38cdde2978e32b8ca592d702bd92a43fa2","1193.01667037"
"0x93915dadd72083f0dcdd83b7be7da97cfbeb620368b8c69f1992ccad7cf83762","4060321","1500775607","7/23/2017 2:06:47 AM","0xb01232fef3f077f1d76be74306931131066f4efa","0x0f58a7836e1713902bca7ba4e2e0db06fc4f77ac","200"
"0xe224fe790b46d71cc8db605a24b7ba18352c2648730a10de0474b7bde4df82a6","4060323","1500775654","7/23/2017 2:07:34 AM","0xf7748b9475132ed2decd67f7c687e383cd3e43fd","0x8737305011408648c0c2fc6ff831d566fbaac483","199.5"
"0x9353da3d7e078d7d728d4df0e56340c4afea0c97cd2f8fef70e72ad0a415b51b","4060323","1500775654","7/23/2017 2:07:34 AM","0x0c2d14cc8095c43bd6ae9dc45d61a10259c6540e","0x8737305011408648c0c2fc6ff831d566fbaac483","99.5"
"0x20cd366317da7c5d2bb344f75ba1b04ca0218eb5a67ff4bc0dcd928a07effd25","4060324","1500775680","7/23/2017 2:08:00 AM","0x017e0e851c74e17228a2f96c870b5995aaafd2b5","0x8737305011408648c0c2fc6ff831d566fbaac483","924.80618377"
"0xac7e1a6d404dfe53193f1de62e510f51762b7b5a4728467d319afc7acb074ee0","4060324","1500775680","7/23/2017 2:08:00 AM","0x1151314c646ce4e0efd76d1af4760ae66a9fe30f","0x8f81085f33f91379b01069e64896a841f555ae8f","6330.64916844"
"0x4c7190769017ab98e724cdd0d9816a630bc74949b77529e250157b81bb7e2af0","4060325","1500775687","7/23/2017 2:08:07 AM","0x2ebb507b1da5b2619515d542a8af27b0747a6bc2","0x505cd7e59a64487bfadd420a9913761edc9abaed","998"
"0x19059d6465ae95ed8666aedaf89d1a13bec24610f8770a14bbc731c9d6bc7db5","4060327","1500775711","7/23/2017 2:08:31 AM","0xe922ce88767feb503458496b61fd1127f7f6087f","0x8737305011408648c0c2fc6ff831d566fbaac483","13107.3558562"
"0xe8143fc01d3b0c47f06f247abb11dd0799ce3876fa31ba041856e2e31496bdfa","4060329","1500775765","7/23/2017 2:09:25 AM","0xce6ecb83d009ba2b770a9054cb69163a3fd9ae64","0xc5d87029796be30bcf542cf496a1bb6016fdc3df","118"
"0x297e44205af2db0666bf8521fe2379f61506df744725e1149769efc05819f861","4060332","1500775842","7/23/2017 2:10:42 AM","0xdcdeba988af68e4d54e5f6a3513511aecd5df17a","0x8737305011408648c0c2fc6ff831d566fbaac483","6860.3452"
"0x5f4f5b3da68cb32b6559ca4ae15318df682d4b22ce2ac23af02104c9ccbb8cbd","4060333","1500775864","7/23/2017 2:11:04 AM","0xfbb1b73c4f0bda4f67dca266ce6ef42f520fbb98","0xf20c1b76e6d4ce432dcbc11d78d3c7c2f9d71b17","2607.81"
"0x6526b51df4406941af69fa470882d52b6f9042d53ad997efa1d51e84af0a0dd7","4060335","1500775923","7/23/2017 2:12:03 AM","0x5e575279bf9f4acf0a130c186861454247394c06","0x77eca664b63bb91354e303e68d885f7426d3f00b","667.68691538"
"0xc5c90dd31be4fc8c602fca3023d65ba7ed70791c6d271acea2a56cb5e73a1b4a","4060335","1500775923","7/23/2017 2:12:03 AM","0x597b0ada3c32423eb9cab98de862fd99e60404b5","0x8737305011408648c0c2fc6ff831d566fbaac483","10840"
"0xf366b2d7b1983a76c3ced04c28409b0cd95802ec98bd8709129b86bba958c9be","4060336","1500775925","7/23/2017 2:12:05 AM","0x8f81085f33f91379b01069e64896a841f555ae8f","0xfbb1b73c4f0bda4f67dca266ce6ef42f520fbb98","6330.64916844"
"0x4f168834a9fc52d17bbfab16499007582a45730c3efae0084421907239096f29","4060336","1500775925","7/23/2017 2:12:05 AM","0x5a1eea38cdde2978e32b8ca592d702bd92a43fa2","0xfbb1b73c4f0bda4f67dca266ce6ef42f520fbb98","1193.01667037"
"0xbeab10be5e10265f01244c7c0c001d3fb4beef9ecd507246b5434d0f509da30d","4060339","1500775940","7/23/2017 2:12:20 AM","0x9c5d118b8b7bf6f690120043eceb1006eb35000b","0x966d97081dc83c0a22ae71834daf955fb43e3df3","500"
"0x51855dbbb76f9fbf7e4209021d9ecd4b63f4c074721c2639f4ac7881d94aaeaa","4060342","1500776011","7/23/2017 2:13:31 AM","0x0f58a7836e1713902bca7ba4e2e0db06fc4f77ac","0x8737305011408648c0c2fc6ff831d566fbaac483","200"
"0x82fee88f24f271812a5df7caa99c2e517845d789b372425fdbbb32a7599601e0","4060342","1500776011","7/23/2017 2:13:31 AM","0x505cd7e59a64487bfadd420a9913761edc9abaed","0x8737305011408648c0c2fc6ff831d566fbaac483","998"
"0xe9f2a32e271ba7b9a6c484ea5931ad8ecebec7b0bf6a50c1bac769d7ab39e62e","4060351","1500776113","7/23/2017 2:15:13 AM","0x8737305011408648c0c2fc6ff831d566fbaac483","0x46294b379872b48b00b837509d9801746bce2280","411.6439522"
"0x33e3031eb5a6c0ed0c87f69b37f67105a53eb7e8b210c0a84918e26b1472d37a","4060352","1500776163","7/23/2017 2:16:03 AM","0xfbb1b73c4f0bda4f67dca266ce6ef42f520fbb98","0x1fa467889e55cd360e512456547e62ba9dea2a43","5524.99"
"0x874b3a2ae3ab85cb94ef02f9fdab3d0e429a3e2fa182912e8fe3c4fbccc08d96","4060352","1500776163","7/23/2017 2:16:03 AM","0x77eca664b63bb91354e303e68d885f7426d3f00b","0xfbb1b73c4f0bda4f67dca266ce6ef42f520fbb98","667.68691538"
"0xe0d7ff3a04e24aa99b11789f02e49ab5bb8a1fd7b76bf40e9d0611c078fdf012","4060352","1500776163","7/23/2017 2:16:03 AM","0xc5d87029796be30bcf542cf496a1bb6016fdc3df","0x8737305011408648c0c2fc6ff831d566fbaac483","118"
"0xef22a2b48204cefb3de44277111525d8a605b8648e99ca9a4428d502ded49e6c","4060352","1500776163","7/23/2017 2:16:03 AM","0xf20c1b76e6d4ce432dcbc11d78d3c7c2f9d71b17","0x8737305011408648c0c2fc6ff831d566fbaac483","2607.81"
"0x646d20b5c085ac41ec6f5d3b5b4678b405c796ab8f362af7f30af8e4f3b3501d","4060357","1500776201","7/23/2017 2:16:41 AM","0x94ae196506182630120c2b13afdb76bf9bb04715","0x99226a1ef791699e863cef8b2a7622d7a97eb120","1000"
"0x075f65a0c1117ec76b4d5c52ed9105517b9048e1fdc4435a2ae597998fbce2dd","4060361","1500776322","7/23/2017 2:18:42 AM","0xfbb1b73c4f0bda4f67dca266ce6ef42f520fbb98","0x56945063e32c6070f22a5106ea2326d3cef8a008","7039.8132636"
"0x429228bf81181d83966deaf5a37f18b29f90038e52b849c6a12a6181d08698d3","4060361","1500776322","7/23/2017 2:18:42 AM","0xfbb1b73c4f0bda4f67dca266ce6ef42f520fbb98","0x8292d9dbd7abea5c82b2bb51b818999182cefaab","1965.67627451"
"0xfb08e3d2126937e383d9b1538d6ebe5ca7e0167aa6de20e458e92de79c05c200","4060361","1500776322","7/23/2017 2:18:42 AM","0xfbb1b73c4f0bda4f67dca266ce6ef42f520fbb98","0x69ec5f9ad51e4152018eb2751b65355553358b58","1.99"
"0xc10a1c3026ab46ecd77c4020e4d2b52494a4824a6e74d7069207abb430121808","4060365","1500776372","7/23/2017 2:19:32 AM","0x1e653012e67f50a5a14c0f7cb173df55d4c8a1b1","0x1b795ad0962c26937ecc25e64d8cb0f524241eae","999.5"
"0x77dc2fb48b6d62e3151256bba3b19eed4318b0f256a970b2826a7b02d8c5a1ee","4060366","1500776383","7/23/2017 2:19:43 AM","0x966d97081dc83c0a22ae71834daf955fb43e3df3","0x8737305011408648c0c2fc6ff831d566fbaac483","500"
"0x2afb6545ea784a9f0d8bce41519038404ea75c81e457e7cd5c01f54ecbca14fb","4060369","1500776407","7/23/2017 2:20:07 AM","0x4d9daa6433c921a63f8e8b29ef59ca68328e9620","0x3568bd84a0d6e99cca50ee4bf0f612f603eff48e","1509.59785322"
"0xc8d92fad252af835667f4d3c2b01ace2cdb69a87fde1fc622f7362097555a857","4060373","1500776461","7/23/2017 2:21:01 AM","0x1151314c646ce4e0efd76d1af4760ae66a9fe30f","0x8f81085f33f91379b01069e64896a841f555ae8f","7143.33255351"
"0xd1ea66dfd947d7ef72c918e350ce8a009e474f7fbf1293127059c047f0dc50b3","4060374","1500776476","7/23/2017 2:21:16 AM","0x2ebb507b1da5b2619515d542a8af27b0747a6bc2","0xbd30e2d59b3c06e4be30db025a390ab801b3fdc4","193.6"
"0x904b5bbed379ca60e5e7f9e28e6a9f3780a2db25f1d77776e902206799ada47e","4060377","1500776522","7/23/2017 2:22:02 AM","0x3568bd84a0d6e99cca50ee4bf0f612f603eff48e","0xfbb1b73c4f0bda4f67dca266ce6ef42f520fbb98","1509.59785322"
"0x32a316f1a1f7e24c3c8105651aad0acff938e7f874074510404bd2a69ce2958e","4060377","1500776522","7/23/2017 2:22:02 AM","0x56cfa645e256374906b5b130630b41d4233ad7c4","0x8cb897d7b35168f4dea1b881e98e5092d033c4ec","150000"
"0x95390a628864878fbb610ace470c73c2c5d1cee8afb99ae6dff18eaa4c5183ff","4060377","1500776522","7/23/2017 2:22:02 AM","0x27837ecbaf06162444785455a72380fee2a9bf46","0x404979f2109a30295f0a5712677f7dc5130ab934","500"
"0x9e5f99742e11f0276efda941c516abcaa552e6ebe3c0836f2a63a2a378ea87f3","4060381","1500776568","7/23/2017 2:22:48 AM","0xfbb1b73c4f0bda4f67dca266ce6ef42f520fbb98","0x689f5466adfbb1f076f24ec4a7d08de48deae10f","2007.2023059"
"0x09367f15a41d228d5278552ae5d87ba1f16bcf61880ccccb50c218cdd44f0747","4060385","1500776620","7/23/2017 2:23:40 AM","0x69ec5f9ad51e4152018eb2751b65355553358b58","0x8737305011408648c0c2fc6ff831d566fbaac483","1.99"
"0x451da22074521a71d16381f095c4ad7888a0ae6d732a4b45c739412c5f650473","4060385","1500776620","7/23/2017 2:23:40 AM","0x56945063e32c6070f22a5106ea2326d3cef8a008","0x8737305011408648c0c2fc6ff831d566fbaac483","7039.8132636"
"0x8582c55ada22f69292bc4c3d0c3f74b63ccf8e2af55e3a626bbf80a5bbb1cba9","4060385","1500776620","7/23/2017 2:23:40 AM","0x8292d9dbd7abea5c82b2bb51b818999182cefaab","0x8737305011408648c0c2fc6ff831d566fbaac483","1965.67627451"
"0xd893efd4ff72a8eb60b17c55d7372ba34b7b50eaa752fff57e2af7b44e5a7d7f","4060386","1500776688","7/23/2017 2:24:48 AM","0x8f81085f33f91379b01069e64896a841f555ae8f","0xfbb1b73c4f0bda4f67dca266ce6ef42f520fbb98","7143.33255351"
"0x298b6775da9fd3dcea318825798e0346020c24a0fc6f9f5af36b5e301765842a","4060386","1500776688","7/23/2017 2:24:48 AM","0x8cb897d7b35168f4dea1b881e98e5092d033c4ec","0xfbb1b73c4f0bda4f67dca266ce6ef42f520fbb98","150000"
"0x77344764cc06885e97b6e2eb9441bf85b92be91987bde1e46501fcaa7b6c3b50","4060386","1500776688","7/23/2017 2:24:48 AM","0xfbb1b73c4f0bda4f67dca266ce6ef42f520fbb98","0x017e0e851c74e17228a2f96c870b5995aaafd2b5","874.96992829"
"0x3d87d5d507f9f9dc0b3421fb586018b7612e0b33e798027ac9351b4e76320cb9","4060387","1500776696","7/23/2017 2:24:56 AM","0x388736a2b2146faf07708cad3795c346d641bd99","0x32aa34ab278d36581c6f93b648f7f8414d6eb6c6","145.51488416"
"0x132f96ba65f712dcfda462e47b99e4acbcaf9592d323b3995c56704f8e69b7a8","4060389","1500776748","7/23/2017 2:25:48 AM","0x1b795ad0962c26937ecc25e64d8cb0f524241eae","0x8737305011408648c0c2fc6ff831d566fbaac483","999.5"
"0xbd9c8f34b5516ae38b993f85f046b5870735f14892c37689138b06867ff49ca9","4060390","1500776781","7/23/2017 2:26:21 AM","0x2ebb507b1da5b2619515d542a8af27b0747a6bc2","0x505cd7e59a64487bfadd420a9913761edc9abaed","698.6"
"0x3abc9edd7182fdb7e8ba4baa533c776831fda7faef44bf2fb88681e35bd03214","4060393","1500776845","7/23/2017 2:27:25 AM","0xa6f6e5df59f801a622617e50a00da37af9d74f2a","0x96beb4a1ab7ab7e262e3166dc4fd81d984b71fcb","998"
"0x609d91670c0812f67fee133c0ccbb6f2692f3a34d9b1a97e5e602ef62a069590","4060393","1500776845","7/23/2017 2:27:25 AM","0xbd30e2d59b3c06e4be30db025a390ab801b3fdc4","0x8737305011408648c0c2fc6ff831d566fbaac483","193.6"
"0xbe45cdcad3cc76f1f100ea8b8d94cbbbd22a8e7b358bc13e80477a1afed0bd07","4060393","1500776845","7/23/2017 2:27:25 AM","0x8737305011408648c0c2fc6ff831d566fbaac483","0xcf16013ca5ca8aa5917dc20a5b747bb0e524aa93","877.46596116"
"0x33b9aeda946423825c6270ffaa92d6c6612498d188dd735c9a94e6dbe5f22a42","4060397","1500776901","7/23/2017 2:28:21 AM","0x2ebb507b1da5b2619515d542a8af27b0747a6bc2","0x6b6476264ad8574a6e0351dfb9687d09f5a459de","2267.456"
"0x719cad03562a3c7bee8a64614a29ff6a9cbf0779d340ca669cd6a0287b135b94","4060397","1500776901","7/23/2017 2:28:21 AM","0x404979f2109a30295f0a5712677f7dc5130ab934","0x8737305011408648c0c2fc6ff831d566fbaac483","500"
"0x6a9d235c98f8762e6e4daca7ecfbbdc58f2a90f9d4f5f3590c11fef72691f21e","4060398","1500776914","7/23/2017 2:28:34 AM","0x689f5466adfbb1f076f24ec4a7d08de48deae10f","0x8737305011408648c0c2fc6ff831d566fbaac483","2007.2023059"
"0xa6b90ddafe4f748d63d186c3049bdf57f1e0f609de59f82a1c4de95bdb478208","4060401","1500776964","7/23/2017 2:29:24 AM","0x017e0e851c74e17228a2f96c870b5995aaafd2b5","0x8737305011408648c0c2fc6ff831d566fbaac483","874.96992829"
"0x92a78f43652691dd19c912e895a6147882090ca1225ed9e714a936ba414ad3fe","4060402","1500776983","7/23/2017 2:29:43 AM","0x5ad20cc657d611497ebe618f2eb0926bfe6bdeb4","0x6868d348d1bb525992170223194e78d767105c19","88.70365405"
"0xa82f88cd2cb78c77e35fc8aa8eb75bdcddd602c240da62bee237d4cfe3ebcb85","4060403","1500777020","7/23/2017 2:30:20 AM","0x8737305011408648c0c2fc6ff831d566fbaac483","0x44e31673a35c2e9cc2b27ca03671b040691a2087","995.06570036"
"0x89fe9536cf8c23249364dde09f4381c57fdeafd005d087cb8e98bc192e8ce726","4060403","1500777020","7/23/2017 2:30:20 AM","0x32aa34ab278d36581c6f93b648f7f8414d6eb6c6","0x5e575279bf9f4acf0a130c186861454247394c06","298.78581228"
"0x8a7fbbf78485c3daa0b37abef4a4ac164aa3ed4ae4c25e9775deb69b06a0b296","4060405","1500777084","7/23/2017 2:31:24 AM","0x505cd7e59a64487bfadd420a9913761edc9abaed","0x8737305011408648c0c2fc6ff831d566fbaac483","698.6"
"0xb37f380e2a17a82fbc751bf295cae0c2c9b12fb4db8e41fbbdfe5bd3bfc8bf57","4060405","1500777084","7/23/2017 2:31:24 AM","0xfbb1b73c4f0bda4f67dca266ce6ef42f520fbb98","0x997ec6bf7c783de9f9ebe6231fad33fa359f5dbe","1162.02983393"
"0x55a7f0bddc516335f5f5be57b4b340812e1f84b5a6146641f77e5c98cee6bf66","4060406","1500777175","7/23/2017 2:32:55 AM","0x5e575279bf9f4acf0a130c186861454247394c06","0x1cef662bae3c78e961e4df919d99349f6466c039","1366"
"0xff5819138b8857c7781d02356af1b7a02d61fd7cef47186f62ffc2cb8b9767db","4060411","1500777228","7/23/2017 2:33:48 AM","0x8737305011408648c0c2fc6ff831d566fbaac483","0x7065caaa38ce67810a1ec067440ba1c2b3b03aa5","15330.9529474"
"0x1f8c39fa053e886995e8f2871fd36b7435d0e59dee4fad7dcb3a860b2d976a56","4060415","1500777287","7/23/2017 2:34:47 AM","0x6868d348d1bb525992170223194e78d767105c19","0x1151314c646ce4e0efd76d1af4760ae66a9fe30f","88.70365405"
"0xfd43f4511041bfa47c71cee236370d26cc82c64b5e8571d3b34a82b3b372dd26","4060416","1500777400","7/23/2017 2:36:40 AM","0x5b9de35f6f0ea059fac6ca1e9446014958cd7f21","0xcbb25e4af4d39cd12ace6b9811c48a876dfa0506","530"
"0x4bd30e517384744ec2f322fed04495735c657bbefd20b97d9c3dd451ad7fa31c","4060416","1500777400","7/23/2017 2:36:40 AM","0x8737305011408648c0c2fc6ff831d566fbaac483","0x51e381acb285d0bc9719356762c3432a118b345f","10240.56145326"
"0xb0fc7d27993dfe5d49bd873529a01198088bfd69f8bb60aef74e0bbb71c378ad","4060416","1500777400","7/23/2017 2:36:40 AM","0x388736a2b2146faf07708cad3795c346d641bd99","0xd98f59bb55ecd61540bd405a93358d5e1ce0dc7c","367.15940985"
"0x59db73fbfc5baefa5011cb952536870e14df75c3ceb8510c5e374337d26030f8","4060416","1500777400","7/23/2017 2:36:40 AM","0x96beb4a1ab7ab7e262e3166dc4fd81d984b71fcb","0x8737305011408648c0c2fc6ff831d566fbaac483","998"
"0x890cb0104226af5f07b42d71cc8d3333cfdd5f1a4b3708ca495b5ef9c22046ea","4060417","1500777404","7/23/2017 2:36:44 AM","0x8737305011408648c0c2fc6ff831d566fbaac483","0x1016fea904349056754edc2b1519b22e0b3d2ad8","3947.123"
"0xec5ffc16206d8ed1aca9208ffe886c5e865a75551e95cc8e1925db602158f5f0","4060417","1500777404","7/23/2017 2:36:44 AM","0x6b6476264ad8574a6e0351dfb9687d09f5a459de","0x8737305011408648c0c2fc6ff831d566fbaac483","2267.456"
"0x2ef61b2307dc14d04e4d1a087dc8bb744f28036313a4731fd5903d32cda60e1e","4060417","1500777404","7/23/2017 2:36:44 AM","0x8737305011408648c0c2fc6ff831d566fbaac483","0xcc295c01af27a525096c0b3fb14040ab0b5b7e98","1126.4106"
"0x2a6250ac39812bad75623463e57581de134d0a241b934ce3cb1aa31a02120829","4060417","1500777404","7/23/2017 2:36:44 AM","0x8737305011408648c0c2fc6ff831d566fbaac483","0x620348621ce092ee666b698246491e95c8e61499","4489.491"
"0x5634b92b065912780ee2cda314a94ad0dc989f9f802cebabeeedb83bd2aff1ab","4060417","1500777404","7/23/2017 2:36:44 AM","0x8737305011408648c0c2fc6ff831d566fbaac483","0xfa187b6c8a6d8e9e8ceda5bf0a4a705148ee44f3","7189.27655216"
"0xa692683c42c21b712561b9b113e4e3898a87f122cc8e73ce7b9bf63a55715a90","4060419","1500777472","7/23/2017 2:37:52 AM","0x1151314c646ce4e0efd76d1af4760ae66a9fe30f","0x8f81085f33f91379b01069e64896a841f555ae8f","7156.68377139"
"0x7ef9c19f8714dd356dcbd9e4fc1dee838ccfaa6961618560d5b0d921ddf8d816","4060419","1500777472","7/23/2017 2:37:52 AM","0x27837ecbaf06162444785455a72380fee2a9bf46","0x404979f2109a30295f0a5712677f7dc5130ab934","250"
"0x206e2a4be63d4fdb862bf635b9a875310ff5d90a31d5599cf3c543b25ee94bfc","4060423","1500777607","7/23/2017 2:40:07 AM","0xfbb1b73c4f0bda4f67dca266ce6ef42f520fbb98","0x56945063e32c6070f22a5106ea2326d3cef8a008","1224.56037019"
"0x813b07b34bb47098bedc3688ea95964fb16ea650224252480018cefc3627c9bf","4060423","1500777607","7/23/2017 2:40:07 AM","0xfbb1b73c4f0bda4f67dca266ce6ef42f520fbb98","0x33f3850c361dd83f432367dd63072e194c745f75","6106.99"
"0x5ecf1f6ff524502ca352ebb40d7e7d7c43c120ed9e1dfc7a0945db43e238e57c","4060423","1500777607","7/23/2017 2:40:07 AM","0xfbb1b73c4f0bda4f67dca266ce6ef42f520fbb98","0x4b4863bf0299ea0bc161ee56b1ad20243792ad5d","1668.36549296"
"0x2c36f76a49c35afeb8e23045d321bd19ae93f5505f9dd438705d20a1f58af16d","4060424","1500777616","7/23/2017 2:40:16 AM","0xd98f59bb55ecd61540bd405a93358d5e1ce0dc7c","0xfbb1b73c4f0bda4f67dca266ce6ef42f520fbb98","367.15940985"
"0x89e7a664a2f6e37c9b06a3c2ecc84f10d0576fb98ab8da0114defeb86734565e","4060426","1500777666","7/23/2017 2:41:06 AM","0xfbb1b73c4f0bda4f67dca266ce6ef42f520fbb98","0x8292d9dbd7abea5c82b2bb51b818999182cefaab","1999.99"
"0x811b667d956a042484915c0a8d8c3c10ccbc2a33a723dff4e53901a9501c6669","4060426","1500777666","7/23/2017 2:41:06 AM","0x997ec6bf7c783de9f9ebe6231fad33fa359f5dbe","0x8737305011408648c0c2fc6ff831d566fbaac483","1162.02983393"
"0x5b39903e4ec32dbdd00dcd7b14a2592ca13d0d6db59b9318ea62272afa60f7d7","4060426","1500777666","7/23/2017 2:41:06 AM","0x8737305011408648c0c2fc6ff831d566fbaac483","0x4a7975f249f0da0e1029db20e2ee5ccc410c8a11","509.443072"
"0xf603a92137e6c8324e03fd672bdab96345d77d0c4e0f39fcbc1717bbd75e3891","4060428","1500777675","7/23/2017 2:41:15 AM","0x0006e4548aed4502ec8c844567840ce6ef1013f5","0x01dc6a0b491eac99e00292b87abdcecdafe4ef23","5000"
"0x51aafb616c38b66ce5f5b4a593ad88c228a2db637fa25671fc56a9d92ea56325","4060429","1500777681","7/23/2017 2:41:21 AM","0xeb864cdbacbb5f0b48bffd72181442a99e4e9917","0xe05a9ff20f4e0087d7b13a5b09226d4a9c428528","998"
"0x4d6ccdb5caba5464c00763b2decddc90bd0fae2ab64a44c7d42b93b968ac9f7c","4060431","1500777704","7/23/2017 2:41:44 AM","0x1151314c646ce4e0efd76d1af4760ae66a9fe30f","0x5e3bdf29398780a701710a29cc453019b88af4e3","5000"
"0xed7211b77a7a64d501cecf48227e3534bef600f5bfc8fc8e335fe89bfbf29396","4060434","1500777751","7/23/2017 2:42:31 AM","0x8f81085f33f91379b01069e64896a841f555ae8f","0xfbb1b73c4f0bda4f67dca266ce6ef42f520fbb98","7156.68377139"
"0x1a4f06d2ac65cc7c15a39116b3244c9022687d26cf9c3e6dc7e2edd3416cb75c","4060436","1500777765","7/23/2017 2:42:45 AM","0x1151314c646ce4e0efd76d1af4760ae66a9fe30f","0xcd3b79e54ad58e76a1d1e37de00414a09fd4291f","10691.9"
"0x6fcb49510655939b9aab91a40f1148ac51046b3c2958ce5ff023488c217109f5","4060436","1500777765","7/23/2017 2:42:45 AM","0x1151314c646ce4e0efd76d1af4760ae66a9fe30f","0x6cd9a96a155edeb492e5f6f4e58b867eac0d8da2","439.9"
"0xc2725291194359ce89d76079278a15c0d7966958566e82b411a35ba4b50f2ebe","4060437","1500777816","7/23/2017 2:43:36 AM","0xfbb1b73c4f0bda4f67dca266ce6ef42f520fbb98","0x69ec5f9ad51e4152018eb2751b65355553358b58","11823.24876648"
"0x284de500459750daa1deb275c3b604b87334d8a1b70401fb6e6f30618322c350","4060437","1500777816","7/23/2017 2:43:36 AM","0x404979f2109a30295f0a5712677f7dc5130ab934","0x8737305011408648c0c2fc6ff831d566fbaac483","250"
"0xd9cd2387b4c51a23a6484d29951c34605e32261cb3875b90f4c6c44aa536f0b4","4060437","1500777816","7/23/2017 2:43:36 AM","0xcbb25e4af4d39cd12ace6b9811c48a876dfa0506","0x8737305011408648c0c2fc6ff831d566fbaac483","530"
"0x2667cdc7c333965053ac942ed9f9e0a3f6522f7b6d7c462919451d2e5078a3d8","4060437","1500777816","7/23/2017 2:43:36 AM","0xfbb1b73c4f0bda4f67dca266ce6ef42f520fbb98","0x4b4863bf0299ea0bc161ee56b1ad20243792ad5d","988.72669576"
"0xb11e6b6707493bb56716d5f55d92dc9ae031650a8a698d4eea5b7e631b62cb5b","4060438","1500777825","7/23/2017 2:43:45 AM","0x1151314c646ce4e0efd76d1af4760ae66a9fe30f","0xe54862299a152e3affd7b00838d20e364568d842","8338.9"
"0x2e83ba3004938113cfd8bf53823251470aec38133dec19af24303cca7fef1523","4060438","1500777825","7/23/2017 2:43:45 AM","0x1151314c646ce4e0efd76d1af4760ae66a9fe30f","0x6a7e3b8c55d0a1b672ca960fa571cc9336d4e3bb","2992.9"
"0x80a25dcc371337f9aeaa8951dba122209d7f5ef37d989b27a982386ff48e1eb3","4060438","1500777825","7/23/2017 2:43:45 AM","0x1151314c646ce4e0efd76d1af4760ae66a9fe30f","0x50c70f32c9f06226b58ecf83ff4f1742b6b16de9","2.9"
"0x3e75126e60ed4003a7186bbb3c434342780b30f2e4e540c025ee44fbfc6cf7b8","4060440","1500777883","7/23/2017 2:44:43 AM","0x33f3850c361dd83f432367dd63072e194c745f75","0x8737305011408648c0c2fc6ff831d566fbaac483","6106.99"
"0xa682cd5336657bd87ebfa587de3aaa37f8050361a17b02b521e2e0b5d087de49","4060440","1500777883","7/23/2017 2:44:43 AM","0x4b4863bf0299ea0bc161ee56b1ad20243792ad5d","0x8737305011408648c0c2fc6ff831d566fbaac483","2657.09218872"
"0xbb10b414b43e0686a4cbd0b27176eaa3a43a2b4dfcbfcb14f1af42d8dd391ee5","4060440","1500777883","7/23/2017 2:44:43 AM","0x56945063e32c6070f22a5106ea2326d3cef8a008","0x8737305011408648c0c2fc6ff831d566fbaac483","1224.56037019"
"0x5136a09f032b2b61e9c479fcd37e30d1bc3c161649caad3de0126223c5395a3a","4060441","1500777898","7/23/2017 2:44:58 AM","0xfbb1b73c4f0bda4f67dca266ce6ef42f520fbb98","0x11f5faf9921152335dbc50f58a2637ac3fb811de","822.1978633"
"0x9b6fc217736b4063e844086c814d6b1fbeb114ea7f5ff9c6fc317e47e76d792c","4060441","1500777898","7/23/2017 2:44:58 AM","0xfbb1b73c4f0bda4f67dca266ce6ef42f520fbb98","0x4b4863bf0299ea0bc161ee56b1ad20243792ad5d","637.85419188"
"0xd05b996749b63a850360530c530a948ede97ae820dda3b90e9c0c83cec37ac91","4060442","1500777899","7/23/2017 2:44:59 AM","0x01dc6a0b491eac99e00292b87abdcecdafe4ef23","0x5e575279bf9f4acf0a130c186861454247394c06","5000"
"0x57f23a13d3e2320bb8adc755dc5919d65fecf4754ccb7c76c6c9ae9a91671c65","4060443","1500777921","7/23/2017 2:45:21 AM","0xe54862299a152e3affd7b00838d20e364568d842","0x597b0ada3c32423eb9cab98de862fd99e60404b5","8339"
"0xc1788b21b27268988152bff67a71b83c3d8b7e9ceb07ed7840ec829f005e1892","4060444","1500777938","7/23/2017 2:45:38 AM","0x8292d9dbd7abea5c82b2bb51b818999182cefaab","0x8737305011408648c0c2fc6ff831d566fbaac483","1999.99"
"0xc9d1f4c4f83aecdeeaefe06b5f075affd88ecc5e72363b650d5ad45384b42cbe","4060445","1500777966","7/23/2017 2:46:06 AM","0x8737305011408648c0c2fc6ff831d566fbaac483","0x03fc2a1030360013dcee63827f0e836be1811507","996.5015"
"0x4ee71774bea850926e4d6bd9a7fc32177f25a568f84b682cc2fe674b2ed80e4d","4060448","1500778029","7/23/2017 2:47:09 AM","0x1151314c646ce4e0efd76d1af4760ae66a9fe30f","0x8f81085f33f91379b01069e64896a841f555ae8f","6141.10647839"
"0xd088928d194c7c89b0381309f45d5b0a57fb777d976e66fa019e85471eb15ba8","4060451","1500778058","7/23/2017 2:47:38 AM","0x1151314c646ce4e0efd76d1af4760ae66a9fe30f","0x5e3bdf29398780a701710a29cc453019b88af4e3","751"
"0x4499a43d62acca2cdbc7621528f2a345f99dc9d06ddae4a0e5c55ddd0b26069e","4060451","1500778058","7/23/2017 2:47:38 AM","0x8737305011408648c0c2fc6ff831d566fbaac483","0x1cef662bae3c78e961e4df919d99349f6466c039","999.991"
"0x045fe1dbcf8f290349ed4163de65f1a7085304d67999b18c89c159a6a655aa2f","4060451","1500778058","7/23/2017 2:47:38 AM","0xe05a9ff20f4e0087d7b13a5b09226d4a9c428528","0x8737305011408648c0c2fc6ff831d566fbaac483","998"
"0xc3dd81f15ab394000a2a9cd8aea12fcd38707c288c15496cd55375031826da8c","4060453","1500778121","7/23/2017 2:48:41 AM","0x1151314c646ce4e0efd76d1af4760ae66a9fe30f","0xe54862299a152e3affd7b00838d20e364568d842","4767.92725"
"0xecada106433b560e2f80fce3000e1759421799050fd218de183db1d5be8abb69","4060453","1500778121","7/23/2017 2:48:41 AM","0x1151314c646ce4e0efd76d1af4760ae66a9fe30f","0xff49634131abaf012faaaf0d7ef0003bc82dd90a","3515.9"
"0x05c8fb83b0156d677a520c4c474642aef060fa90b2e3e71d56bcb426f80bb025","4060453","1500778121","7/23/2017 2:48:41 AM","0x6cd9a96a155edeb492e5f6f4e58b867eac0d8da2","0x8737305011408648c0c2fc6ff831d566fbaac483","439.9"
"0x0ca665fcc2c88fe10988873c1cea2c7c0ba00ae044293745666e8b155d21709c","4060453","1500778121","7/23/2017 2:48:41 AM","0xcd3b79e54ad58e76a1d1e37de00414a09fd4291f","0x8737305011408648c0c2fc6ff831d566fbaac483","10691.9"
"0x67e297f419c3c7182f5c0777602ac3b197ae17b259688f0fa0b2944a9ab1fd0e","4060453","1500778121","7/23/2017 2:48:41 AM","0x4b4863bf0299ea0bc161ee56b1ad20243792ad5d","0x8737305011408648c0c2fc6ff831d566fbaac483","637.85419188"
"0x7aa12d8776c71fff52f835ecaddc6325078fcec5023a01e32702bd73f5f35190","4060454","1500778143","7/23/2017 2:49:03 AM","0x8f81085f33f91379b01069e64896a841f555ae8f","0xfbb1b73c4f0bda4f67dca266ce6ef42f520fbb98","6141.10647839"
"0x7e755c66fce2e6945f7f4881895f4e8e90bfecf406a5d0e4647df93e44799e19","4060454","1500778143","7/23/2017 2:49:03 AM","0x11f5faf9921152335dbc50f58a2637ac3fb811de","0x5e575279bf9f4acf0a130c186861454247394c06","822.1978633"
"0xb43860fc648772ec7f308345b9a5ac82735930bd744aa55ecfdb27a65a6ed29a","4060454","1500778143","7/23/2017 2:49:03 AM","0x6a7e3b8c55d0a1b672ca960fa571cc9336d4e3bb","0x8737305011408648c0c2fc6ff831d566fbaac483","2992.9"
"0x66db02b42dcbf09b8c30a3df89c53e813412b8f2e6e06081f6600f872a998d1d","4060456","1500778173","7/23/2017 2:49:33 AM","0x69ec5f9ad51e4152018eb2751b65355553358b58","0x8737305011408648c0c2fc6ff831d566fbaac483","11823.24876648"
"0x187464a2b8d7f3875a37e36fab1b25f16717d29582efa8063cb8e19dd3c65fe5","4060460","1500778201","7/23/2017 2:50:01 AM","0x8737305011408648c0c2fc6ff831d566fbaac483","0x4a7975f249f0da0e1029db20e2ee5ccc410c8a11","241.786458"
"0x2dcc3032e7bcf303dfad8e36f3881dff9125245535d65351c42a5522ac18c559","4060461","1500778260","7/23/2017 2:51:00 AM","0x1151314c646ce4e0efd76d1af4760ae66a9fe30f","0x50c70f32c9f06226b58ecf83ff4f1742b6b16de9","7999.9"
"0x4509165aa705a2258aeffeb24d58613fd311159d06224ef7a553154a8c722d55","4060462","1500778276","7/23/2017 2:51:16 AM","0xe54862299a152e3affd7b00838d20e364568d842","0x597b0ada3c32423eb9cab98de862fd99e60404b5","4768.7273"
"0x47506dd0b9d28370d923680b9bac2f0d4756d47e794524758c6aa5c096d36a29","4060462","1500778276","7/23/2017 2:51:16 AM","0x2ebb507b1da5b2619515d542a8af27b0747a6bc2","0xbbc0516e88e6b613d49fde3241ce8f5183bb2b43","4065.852"
"0xafc8f16839aa03a9f4f5a4b671e2b28522487a159ae2c2ac172e4bbc726e6ddc","4060462","1500778276","7/23/2017 2:51:16 AM","0x8737305011408648c0c2fc6ff831d566fbaac483","0x42002a4781dc65b0599a1a5cc69345e193ca77cb","298.6015"
"0xdb07984893324f8a6aa8bd3013c5d863d015ea8ceb585d767e8fc82e7490a2c5","4060462","1500778276","7/23/2017 2:51:16 AM","0x597b0ada3c32423eb9cab98de862fd99e60404b5","0x8737305011408648c0c2fc6ff831d566fbaac483","8339"
"0x6af9a288cb7aaeb141c69b065549be6008cc5e790592cb3fe397106ab436efd0","4060469","1500778383","7/23/2017 2:53:03 AM","0xfbb1b73c4f0bda4f67dca266ce6ef42f520fbb98","0x11f5faf9921152335dbc50f58a2637ac3fb811de","852.55410256"
"0x46aa3fce3c58aac704fe328463be6be7c5ab1fee6ea79c2ba564c66ad8c87e49","4060470","1500778404","7/23/2017 2:53:24 AM","0x8737305011408648c0c2fc6ff831d566fbaac483","0xc083478952cd7e292dc8ed8c15032281fe65ec78","497.503"
"0xefbd0263c381ecb0dff2eb06e85a434185a26c8ceef10e97c69ffffb209d114c","4060471","1500778453","7/23/2017 2:54:13 AM","0x1151314c646ce4e0efd76d1af4760ae66a9fe30f","0x8f81085f33f91379b01069e64896a841f555ae8f","3976.91910901"
"0x1375624f46a6e3f839dc4bd3ce8f9bb46c35170a03f6d6d33cf3ec3335d141a8","4060471","1500778453","7/23/2017 2:54:13 AM","0x8737305011408648c0c2fc6ff831d566fbaac483","0x4f185e0e2f130167cd842c73532672ecfd7fc6b4","2039.60278"
"0xae9a931b595aecaf34d19063a99f710141ae41a5f38f216d599d2162e8a9e724","4060471","1500778453","7/23/2017 2:54:13 AM","0x8737305011408648c0c2fc6ff831d566fbaac483","0xd3512ac47617ed8d5d2940bbead370fcffa91455","4985"
"0xa88cc308c68b86e5d24e03507ff35311509c83d5992b710579f0e30edc528463","4060474","1500778535","7/23/2017 2:55:35 AM","0x8f81085f33f91379b01069e64896a841f555ae8f","0xfbb1b73c4f0bda4f67dca266ce6ef42f520fbb98","3976.91910901"
"0x0cac9c6ec79f10198950eddbeb72035a0186cbadcfd94a2360975455275cfd09","4060474","1500778535","7/23/2017 2:55:35 AM","0x388736a2b2146faf07708cad3795c346d641bd99","0xcb0745dc7bb78fc3bc85602ed5be2739a699d9ec","80"
"0x3465351325fd4f02796eca84692996790a45e18815d32656f701347f4d94e9de","4060474","1500778535","7/23/2017 2:55:35 AM","0x8737305011408648c0c2fc6ff831d566fbaac483","0xe819b27de26b74c272e73583e4845fb689975c1e","497.503"
"0x78f72f66c4064796d03f4314982cbea6d804465103af718df5473826a3cab22d","4060479","1500778646","7/23/2017 2:57:26 AM","0x597b0ada3c32423eb9cab98de862fd99e60404b5","0x8737305011408648c0c2fc6ff831d566fbaac483","4768.7273"
"0xf78ef72a9cfe05591985faa10f74c25b61dea1a7b71727bbc24f0dc966561c4d","4060484","1500778775","7/23/2017 2:59:35 AM","0x11f5faf9921152335dbc50f58a2637ac3fb811de","0x5e575279bf9f4acf0a130c186861454247394c06","852.55410256"
"0x935a1e0fadaad3235ca949dec0c6b81410df11ed5af81860db32b1a21bf5678b","4060484","1500778775","7/23/2017 2:59:35 AM","0x8737305011408648c0c2fc6ff831d566fbaac483","0x42002a4781dc65b0599a1a5cc69345e193ca77cb","99.7"
"0x9da2259a1ae0d0c2bbed3bb97009999a596de5caf7053c827458138186a702c9","4060484","1500778775","7/23/2017 2:59:35 AM","0xfbb1b73c4f0bda4f67dca266ce6ef42f520fbb98","0x9d1d3221c940f2a3d20a4c677b3d7d6bb8f85903","50"
"0x656c78c3f7d79dd0bea9b218c09122a9e57d637ba69f4e4dd0c5747c100e1fbc","4060485","1500778787","7/23/2017 2:59:47 AM","0xcb0745dc7bb78fc3bc85602ed5be2739a699d9ec","0x1151314c646ce4e0efd76d1af4760ae66a9fe30f","80"
"0x9e3efd06844a9602c2bbc828e05d19328dae9f46c0fe4cb143478c26cd6d92de","4060488","1500778859","7/23/2017 3:00:59 AM","0x29cd43717f485c6f919710bd60654fc3540955ae","0x1b526be35fba0a45e3140a90cb0eae2201aaea23","2"
"0xfbd6520ed4d6cb1ab96a481e8a0bc20d16a6231a27854c2ac9dab58a50709d12","4060489","1500778871","7/23/2017 3:01:11 AM","0xfbb1b73c4f0bda4f67dca266ce6ef42f520fbb98","0x1016fea904349056754edc2b1519b22e0b3d2ad8","5902.99"
"0x1b98fd4ee475011da181aaf74dc798e8f585e1b02423d507d17e3bdbb5c25576","4060494","1500779002","7/23/2017 3:03:22 AM","0xfbb1b73c4f0bda4f67dca266ce6ef42f520fbb98","0xa9d838405dcef7d0246123cfa7df942ae3d6d2e1","1366.47266803"
"0xb7de254324ac2d227c5226103d762ada0403edd6bd2f3acae7f46c1f17dfbd4e","4060494","1500779002","7/23/2017 3:03:22 AM","0x1151314c646ce4e0efd76d1af4760ae66a9fe30f","0x8f81085f33f91379b01069e64896a841f555ae8f","3261.53123076"
"0xd27efb439cdf6817315bc5bf9caf241974598d91627741cb27f4dfd7dfb11c56","4060499","1500779078","7/23/2017 3:04:38 AM","0x8f81085f33f91379b01069e64896a841f555ae8f","0xfbb1b73c4f0bda4f67dca266ce6ef42f520fbb98","3261.53123076"
"0xde29f773bf37896a05a24c77c14e5d91da0c4863bc13e48704c0ff35fbfb2e2c","4060501","1500779108","7/23/2017 3:05:08 AM","0xfbb1b73c4f0bda4f67dca266ce6ef42f520fbb98","0x9d1d3221c940f2a3d20a4c677b3d7d6bb8f85903","7828.88521751"
"0xefc9be14fcbcfcc97d0558807f6cafbd19892257044a348ce144cac7449e833e","4060503","1500779119","7/23/2017 3:05:19 AM","0x6ca1b686e50851ea86636425653b088d8360532c","0x48ebb069b10b6091ec950e6e93c23cc731ee1b52","8000"
"0x1ce7958ce7441a48f8fb0bea516586595e08a6ab92d336b5e13197081aa881b7","4060506","1500779159","7/23/2017 3:05:59 AM","0x8737305011408648c0c2fc6ff831d566fbaac483","0xe819b27de26b74c272e73583e4845fb689975c1e","223.09869"
"0xc6fe1a100028f5d119a1c0e0e38887e2ce4e86f280293a27f7cbd8cad9766219","4060517","1500779355","7/23/2017 3:09:15 AM","0xfbb1b73c4f0bda4f67dca266ce6ef42f520fbb98","0x966abc616bbe4de650080512d8e3bf2540740d8f","8.99"
"0x602688bb461a8dc8b38572dc2bcf9a97adee8ee01c4fdd5de07b151666e12892","4060517","1500779355","7/23/2017 3:09:15 AM","0xfbb1b73c4f0bda4f67dca266ce6ef42f520fbb98","0x11f5faf9921152335dbc50f58a2637ac3fb811de","285.07962959"
"0xe705cfd7d7ca1ab5215004b1a1ca8721328cba745b05574748a28ea750ea3a71","4060519","1500779399","7/23/2017 3:09:59 AM","0x8737305011408648c0c2fc6ff831d566fbaac483","0x8c990a359ccad0c33afe2e246b89b4eee7da01a6","514.452"
"0xb4d3f9c60849a6bfeab3540fc5bb401c8771b0a04daf7f0e3f4e3b5eb3b1607f","4060522","1500779461","7/23/2017 3:11:01 AM","0x48ebb069b10b6091ec950e6e93c23cc731ee1b52","0x8737305011408648c0c2fc6ff831d566fbaac483","8000"
"0xbc316a5cb13a7601a8509211d98bfe21ee986cea822d09a59f5c06f76f324e88","4060523","1500779491","7/23/2017 3:11:31 AM","0x8737305011408648c0c2fc6ff831d566fbaac483","0x4f185e0e2f130167cd842c73532672ecfd7fc6b4","1009.55223"
"0xe1b532aa7d6fed848ff0f11db0a2f5f130f902c5c4e70a1368c866429c22a34e","4060523","1500779491","7/23/2017 3:11:31 AM","0xfbb1b73c4f0bda4f67dca266ce6ef42f520fbb98","0xe922ce88767feb503458496b61fd1127f7f6087f","11852.89586751"
"0xf64d5032630cfefcb4d68c07999be1bde0300364a0ee8ffef8521af2d761ece2","4060523","1500779491","7/23/2017 3:11:31 AM","0xfbb1b73c4f0bda4f67dca266ce6ef42f520fbb98","0xe922ce88767feb503458496b61fd1127f7f6087f","1252.69099329"
"0xee0faca0fc4bf0cef5f022a5589ee4b2bf70dc9df853f05149106289f0a388fa","4060524","1500779500","7/23/2017 3:11:40 AM","0x1151314c646ce4e0efd76d1af4760ae66a9fe30f","0x8f81085f33f91379b01069e64896a841f555ae8f","5925.85788182"
"0x04921513a4b9231349954170e83b6b322a3d13dba68952434b872194df9c5f8a","4060525","1500779563","7/23/2017 3:12:43 AM","0x2ebb507b1da5b2619515d542a8af27b0747a6bc2","0x04aaa3dd43b29c04158112694a4b945505718e00","19"
"0xa533a31c85a57b82f192d914daf96d39d334d02d3b860a3fe056b4cc05c465d3","4060529","1500779684","7/23/2017 3:14:44 AM","0x1151314c646ce4e0efd76d1af4760ae66a9fe30f","0x8f81085f33f91379b01069e64896a841f555ae8f","3190.06281283"
"0x15c753dd3e532ee30673ed85dcab725ee275711491f5ce2ff692de01e087a4b5","4060531","1500779762","7/23/2017 3:16:02 AM","0xfbb1b73c4f0bda4f67dca266ce6ef42f520fbb98","0xd6b21a08d78c4b62d5313e31c7c7c87599deab8f","99.99"
"0xbcd2464a3e41f79cf358d06cbe18bafe130b497dfe1fc8b81207f48723df20d2","4060531","1500779762","7/23/2017 3:16:02 AM","0x388736a2b2146faf07708cad3795c346d641bd99","0x6dd9af0b0bbdbecaec391b5a38c6bc6afcc84d2f","4703.18811524"
"0xdc3125ca4182e9107d4b88535ba825634ff91b5a9a5ef5ccb1566e2460bab59e","4060531","1500779762","7/23/2017 3:16:02 AM","0x11f5faf9921152335dbc50f58a2637ac3fb811de","0x5e575279bf9f4acf0a130c186861454247394c06","285.07962959"
"0x63fd3925f77520384d8aa5302d6fbc7f3f383efb4e513003e7769bd379b6406e","4060536","1500779848","7/23/2017 3:17:28 AM","0x8f81085f33f91379b01069e64896a841f555ae8f","0xfbb1b73c4f0bda4f67dca266ce6ef42f520fbb98","9115.92069465"
"0xf903250be9250b18c5d17bc74fb744d21de7d24e1b2d2aae8c2c594f42c3d547","4060540","1500779909","7/23/2017 3:18:29 AM","0xe922ce88767feb503458496b61fd1127f7f6087f","0x8737305011408648c0c2fc6ff831d566fbaac483","13105.5868608"
"0x3f185784cc929f3b5a5b2e2229bcbf408f0f9fab432daafb5aa60087cd2cc8ea","4060543","1500779950","7/23/2017 3:19:10 AM","0x6dd9af0b0bbdbecaec391b5a38c6bc6afcc84d2f","0x1151314c646ce4e0efd76d1af4760ae66a9fe30f","4703.18811524"
"0x1b28a2ab11c0d496b3f680be01749f7a31e3c480db350fa085224885766c5d98","4060554","1500780063","7/23/2017 3:21:03 AM","0x1151314c646ce4e0efd76d1af4760ae66a9fe30f","0x8f81085f33f91379b01069e64896a841f555ae8f","2992.50631838"
"0xa8224e2ce28bd8729088b1c2ff19dfb7fcac5f593f2c8a17decc9ce6dbef542a","4060556","1500780083","7/23/2017 3:21:23 AM","0xd6b21a08d78c4b62d5313e31c7c7c87599deab8f","0x8737305011408648c0c2fc6ff831d566fbaac483","99.99"
"0xcbc604c7d2f95ff9e69900c57ce706a969b0f416ceb66d532e6a81c23e1b665e","4060564","1500780206","7/23/2017 3:23:26 AM","0xfbb1b73c4f0bda4f67dca266ce6ef42f520fbb98","0x9d25e6f3f5920248347dd3afbe2d996e8c4333cd","1296.94362957"
"0x40214f741f3de3f02596be181d2acba5af428d145c8ff8e9dc019daaef2cd974","4060565","1500780236","7/23/2017 3:23:56 AM","0x1151314c646ce4e0efd76d1af4760ae66a9fe30f","0x8f81085f33f91379b01069e64896a841f555ae8f","4318.98924016"
"0x94a8500f9e6a594819603b4cbcc84bad6b2c9195a7e50b77695c01f95e26c2e9","4060567","1500780253","7/23/2017 3:24:13 AM","0x8f81085f33f91379b01069e64896a841f555ae8f","0xfbb1b73c4f0bda4f67dca266ce6ef42f520fbb98","7311.49555854"
"0x52aa998db469b3530a4b9db483b8f39dca38d55fe0facbe69cefa40eea81c13f","4060569","1500780365","7/23/2017 3:26:05 AM","0xfbb1b73c4f0bda4f67dca266ce6ef42f520fbb98","0x003a6df5ac6edec6b194a464dc399e7e72b932b8","110.5"
"0x0820a621b3e7974a7e9a7fdb9622ec943988a73e8ec2d92a9bd366a4b430ee57","4060569","1500780365","7/23/2017 3:26:05 AM","0xfbb1b73c4f0bda4f67dca266ce6ef42f520fbb98","0x51a4321bce86f6b211575d1a8da404040cf2bda9","29999.99"
"0x68c5962a0b96964a6ae4e6c468e5ac6ed80be8fef50fb496014c909129660e6a","4060569","1500780365","7/23/2017 3:26:05 AM","0xfbb1b73c4f0bda4f67dca266ce6ef42f520fbb98","0xd6b21a08d78c4b62d5313e31c7c7c87599deab8f","6811.99"
"0xa5616d1e8459ab900a7b19317a90cba237baae0c4e6f779e21f3bdf47cae0909","4060576","1500780462","7/23/2017 3:27:42 AM","0x9d25e6f3f5920248347dd3afbe2d996e8c4333cd","0x5e575279bf9f4acf0a130c186861454247394c06","1296.94362957"
"0xb06a50e6707eb84c4ff0897584f6c87674d2852a6723b03e5697f400bbf82bd1","4060585","1500780584","7/23/2017 3:29:44 AM","0xfbb1b73c4f0bda4f67dca266ce6ef42f520fbb98","0x1efe182ddb9b82bfb3afa3614ed28e20232b8730","1299.99272412"
"0x28cd5d21e50dcb365b0502178fe06486934ab8fb2b4fe63097449c828f0e7cc8","4060587","1500780638","7/23/2017 3:30:38 AM","0x75f8a91cec639fb104c7beaf2f64cc0ac4282ce5","0xf29bc1c7796c67990dcb834480e031b1c13ad58b","999.5"
"0x734cf320caee26798f07b04d802db837476c53fe6d0fc49264c56e245fdf2107","4060590","1500780747","7/23/2017 3:32:27 AM","0x2ebb507b1da5b2619515d542a8af27b0747a6bc2","0x04aaa3dd43b29c04158112694a4b945505718e00","114"
"0x56bb1007fad412008002c6c810335d2e82e452775f103980f490759eaba2767b","4060590","1500780747","7/23/2017 3:32:27 AM","0x8737305011408648c0c2fc6ff831d566fbaac483","0x60b4bf902e31c48fd3e3aed35a321381ae5693db","7976"
"0x732137cef49197c5ebb5265dffd5b23cbddedccc297ba3cd81bd1160d3a472ac","4060590","1500780747","7/23/2017 3:32:27 AM","0xd6b21a08d78c4b62d5313e31c7c7c87599deab8f","0x8737305011408648c0c2fc6ff831d566fbaac483","6811.99"
"0xb7c04950f6cfa9430401901ed73a19d19f88e4f38736d919295508b4ed61947f","4060590","1500780747","7/23/2017 3:32:27 AM","0x51a4321bce86f6b211575d1a8da404040cf2bda9","0x8737305011408648c0c2fc6ff831d566fbaac483","29999.99"
"0x404d38a6880323c08de4f3f0c9ecd0d66016d7865b22fcfde0adbc6434731832","4060590","1500780747","7/23/2017 3:32:27 AM","0x8737305011408648c0c2fc6ff831d566fbaac483","0xff2231aa76dc331e0a652af4b61bdae3363a4c49","999.98103"
"0x235df110b82e8bc227fc10e219bd8865cd24aa3a670014f6691712856dbede82","4060595","1500780810","7/23/2017 3:33:30 AM","0xfbb1b73c4f0bda4f67dca266ce6ef42f520fbb98","0x82a87a5240451fecf4fc5b7ed542ff014c712ca4","9.99"
"0xbb932586a16b49ab299b7f1600ade745b9760a1e12876a934e4ac230ee2ad162","4060596","1500780855","7/23/2017 3:34:15 AM","0x1151314c646ce4e0efd76d1af4760ae66a9fe30f","0x6a7e3b8c55d0a1b672ca960fa571cc9336d4e3bb","3168.9"
"0x3e4e2bd8776748fe752aa9b158d819904215ef432fd540aa4722a619afad65cf","4060596","1500780855","7/23/2017 3:34:15 AM","0x8737305011408648c0c2fc6ff831d566fbaac483","0x1cef662bae3c78e961e4df919d99349f6466c039","998.994"
"0x1f51ba646a77c57244cb47cbe00a74239eab39d67d06ed92b6fd17d6b481ddce","4060596","1500780855","7/23/2017 3:34:15 AM","0x1151314c646ce4e0efd76d1af4760ae66a9fe30f","0xe5e7711ccd8d6d770cdbf754d8f783e6bc5faa31","4.9"
"0x7b2f70829fa12bd83351e7596d704fed5789d8c6df6063a3206d656f18a71341","4060597","1500780901","7/23/2017 3:35:01 AM","0x1efe182ddb9b82bfb3afa3614ed28e20232b8730","0x5e575279bf9f4acf0a130c186861454247394c06","1299.99272412"
"0x57b51049bff688d342b4bd1af64e8a744900acbfc19c27c4c9425f08eaa8f094","4060598","1500780905","7/23/2017 3:35:05 AM","0x8737305011408648c0c2fc6ff831d566fbaac483","0x8e07d8d606b49fa0326bf5ee2c29868e5827f96b","6281.1"
"0xd04c6a44673c5ab64e19aa069d3e517303fdcfccf33a053a39492af39da31713","4060607","1500781050","7/23/2017 3:37:30 AM","0xfbb1b73c4f0bda4f67dca266ce6ef42f520fbb98","0x82a87a5240451fecf4fc5b7ed542ff014c712ca4","10072.13384899"
"0xf260fd24aa3142ebd02151857d7902fc739f97eb8701fc75270ad0f10523527b","4060607","1500781050","7/23/2017 3:37:30 AM","0x8737305011408648c0c2fc6ff831d566fbaac483","0x74b14c51003789f41ad8123446ba6ae5d86f1cda","2691.17219"
"0xdb88de1c320b56f4baba6116a4c18c6ba196ca1ea1237e4ea44745d499896851","4060609","1500781061","7/23/2017 3:37:41 AM","0x1151314c646ce4e0efd76d1af4760ae66a9fe30f","0x782060bc47743fa62bcd4dfd65a0be2f9b068be8","100"
"0x4bffa26310891df8c122d75ed5f9c26fd239c4fccd09c40a0e9c10f69fd2b7ed","4060610","1500781105","7/23/2017 3:38:25 AM","0xf29bc1c7796c67990dcb834480e031b1c13ad58b","0x8737305011408648c0c2fc6ff831d566fbaac483","999.5"
"0x0b7494ae8455710fc975ea59a41c248a4beb75203f89b1fa2b724b45b726305c","4060611","1500781112","7/23/2017 3:38:32 AM","0x2ebb507b1da5b2619515d542a8af27b0747a6bc2","0xbbc0516e88e6b613d49fde3241ce8f5183bb2b43","4314.5454"
"0xcc79e6ba607137c4051e74d718d31727ef087853a895c64891de91ccbf5c2ab8","4060613","1500781177","7/23/2017 3:39:37 AM","0x6a7e3b8c55d0a1b672ca960fa571cc9336d4e3bb","0x8737305011408648c0c2fc6ff831d566fbaac483","3168.9"
"0xeb362ceb823ebd8eefac2e82fa4099b472937771edd7960661ca182d3b1d66c3","4060613","1500781177","7/23/2017 3:39:37 AM","0x82a87a5240451fecf4fc5b7ed542ff014c712ca4","0x8737305011408648c0c2fc6ff831d566fbaac483","10082.12384899"
"0xb49fc97e1717e3f6538a42596a1de9df45219010fa4868cd06e2903709847839","4060613","1500781177","7/23/2017 3:39:37 AM","0x1151314c646ce4e0efd76d1af4760ae66a9fe30f","0x1069f365bb928e26040d6e5ec765f7ea112fa677","888.78"
"0x688a599c3a0c5c1c41ce3d35bb66d0f8f12eaa71344a1252c3e4c74e57d45f86","4060613","1500781177","7/23/2017 3:39:37 AM","0xfbb1b73c4f0bda4f67dca266ce6ef42f520fbb98","0xe5e7711ccd8d6d770cdbf754d8f783e6bc5faa31","287.02677843"
"0xaf2a3e6d3e4038e2d7c9005ac875e0b2ccf43772c3369acd3b3dc2a998340289","4060618","1500781298","7/23/2017 3:41:38 AM","0xfbb1b73c4f0bda4f67dca266ce6ef42f520fbb98","0x33f3850c361dd83f432367dd63072e194c745f75","2954.99"
"0xc434621cdb3a8a92c75a8f8d443f51fbf0ac11c5207ed0412f33499d5969dfac","4060621","1500781371","7/23/2017 3:42:51 AM","0x1151314c646ce4e0efd76d1af4760ae66a9fe30f","0x2c3089198b48663ac124480cbd533953179ac8a9","805.82950285"
"0xf8fe2379b32fb2e1aba952cd2e1b1636b7aa2c0f29a5547cd8e6658cacc9b465","4060622","1500781387","7/23/2017 3:43:07 AM","0x5e575279bf9f4acf0a130c186861454247394c06","0x64f7532246aea1504c0fdbaac206cbb130549752","1453.71294961"
"0x941948a51f6ab9b229766d917347dc7403a98721be35d46805cd1e591ff239a6","4060624","1500781412","7/23/2017 3:43:32 AM","0xfbb1b73c4f0bda4f67dca266ce6ef42f520fbb98","0x781bb6e8fd8d40076d1b42d49eb48742932d2a4c","793.62626429"
"0x71fb9edc300fae1504bdc0617570209b343e1770c8171eb3ad98e44aaa308042","4060630","1500781517","7/23/2017 3:45:17 AM","0x1069f365bb928e26040d6e5ec765f7ea112fa677","0x8737305011408648c0c2fc6ff831d566fbaac483","888.78"
"0x4ca7f66504f3430cb3ae62a633748c5ddb064cff90b4ab5ad172c18cd07d157e","4060634","1500781535","7/23/2017 3:45:35 AM","0xfbb1b73c4f0bda4f67dca266ce6ef42f520fbb98","0xbf4c957d99794ca2f4be82960231b89f4288f48c","239.29"
"0x923a5eae95d8ccac7b1b3a48dcf6e59e435a4d469b62a89d6ec2bdfb58466909","4060634","1500781535","7/23/2017 3:45:35 AM","0xfbb1b73c4f0bda4f67dca266ce6ef42f520fbb98","0x943b06853e6c96c8cfd27a8685809adcb5cc8fb6","927.99"
"0xa81a56e4eeca0d326c29fad62b8066617d441c6bf9cc82dfb7f345b91a698eb4","4060637","1500781598","7/23/2017 3:46:38 AM","0x33f3850c361dd83f432367dd63072e194c745f75","0x8737305011408648c0c2fc6ff831d566fbaac483","2954.99"
"0x93f2f3d2e5e8987a73637c61ed89186d88b0cb41df7b2ea03ac694c3e6f010fe","4060639","1500781651","7/23/2017 3:47:31 AM","0x781bb6e8fd8d40076d1b42d49eb48742932d2a4c","0x8737305011408648c0c2fc6ff831d566fbaac483","793.62626429"
"0xe4430ed8f50560a1dbbb4961a0491700a24a96813b47c7c28bd7c7c047fe7941","4060640","1500781655","7/23/2017 3:47:35 AM","0xfbb1b73c4f0bda4f67dca266ce6ef42f520fbb98","0x6b0f84b9bcde48b79cfc405a2ab23047a31e50bd","2305.03190887"
"0x034b745d9482e8086df90c9d6309c17915ff4dcbadd62ba44c20f5f8f96bfda3","4060646","1500781807","7/23/2017 3:50:07 AM","0x8737305011408648c0c2fc6ff831d566fbaac483","0x19339aea2db39637e909ca160cf676b6e52c99ab","6730.21859"
"0x13182cbaa6f70f1670ec7ced17fb0e18a24ad730030302490b7628913c46d60e","4060646","1500781807","7/23/2017 3:50:07 AM","0xfbb1b73c4f0bda4f67dca266ce6ef42f520fbb98","0x56945063e32c6070f22a5106ea2326d3cef8a008","1380.2579356"
"0x8c50f26e90deb94b9522cca50e472a89765873620f2c24681fde417114467bfe","4060654","1500781939","7/23/2017 3:52:19 AM","0xbf4c957d99794ca2f4be82960231b89f4288f48c","0x8737305011408648c0c2fc6ff831d566fbaac483","239.29"
"0x250531a5a52f7e51fa508c2aef7e8c5ecf1940189166cdd68cb0443c3025d0f9","4060655","1500781953","7/23/2017 3:52:33 AM","0x943b06853e6c96c8cfd27a8685809adcb5cc8fb6","0x8737305011408648c0c2fc6ff831d566fbaac483","927.99"
"0xddfc082e4a5b52749c0a0d5538866f07f9a9b1813904740e54517e76d0bf3ce4","4060665","1500782063","7/23/2017 3:54:23 AM","0x6b0f84b9bcde48b79cfc405a2ab23047a31e50bd","0x8737305011408648c0c2fc6ff831d566fbaac483","2305.03190887"
"0xbb39ad0835cfecca9549e43020af099122c004b34e0a4432b4e83d2079949bcf","4060666","1500782076","7/23/2017 3:54:36 AM","0x56945063e32c6070f22a5106ea2326d3cef8a008","0x8737305011408648c0c2fc6ff831d566fbaac483","1380.2579356"
"0xd7570ccc7d9cd283cf172e99e4b6275b393f7e08d5d7dacd8a087a5fb571fa3f","4060676","1500782310","7/23/2017 3:58:30 AM","0xfbb1b73c4f0bda4f67dca266ce6ef42f520fbb98","0x69ec5f9ad51e4152018eb2751b65355553358b58","19076.82423269"
"0xbedde0c790d781b897e3a6b67580fc727b695c6acf1f5bf9777d8aafc1af9563","4060688","1500782497","7/23/2017 4:01:37 AM","0xfbb1b73c4f0bda4f67dca266ce6ef42f520fbb98","0x781bb6e8fd8d40076d1b42d49eb48742932d2a4c","1238.71411702"
"0xf689bd69036900099084e2cf8ffc22d77d8c2186b78dca3eae863d45af90fd2a","4060690","1500782568","7/23/2017 4:02:48 AM","0xfbb1b73c4f0bda4f67dca266ce6ef42f520fbb98","0xa6badd07ed7ceb67a3d30e4f31fc8315f1f00d8d","6407.62147912"
"0xba2b6b0427d903a865b7d1c2e55994f491cff58c32ce270af598057bce85555e","4060690","1500782568","7/23/2017 4:02:48 AM","0x21417688c0e3be7628432e3580b363b9bdf82ec9","0x953b0a5727a2cd73f781d3ca90eb15329357230b","500"
"0x16d63b0f537fc9f32c7bd83b7e18126e26846917313b8db77c8ca56bf6a83e17","4060692","1500782620","7/23/2017 4:03:40 AM","0x69ec5f9ad51e4152018eb2751b65355553358b58","0x8737305011408648c0c2fc6ff831d566fbaac483","19076.82423269"
"0x3196aad5e5583c0e26b1fbca03817ca882f1130687e39ba5d5ed8846a4701f9f","4060693","1500782637","7/23/2017 4:03:57 AM","0x8737305011408648c0c2fc6ff831d566fbaac483","0x0ba0385778ae6d5971b1ee64a1f3c9b5583ea48c","996.5015"
"0xf46b28c2da88cbf0f029c0cbcd5af4fb0dbd476c4c07542503ec50f92f1a4bfe","4060697","1500782705","7/23/2017 4:05:05 AM","0x8737305011408648c0c2fc6ff831d566fbaac483","0x822fa956ad26e710604e6df68da264e14d844c00","8465.527"
"0xc6ebd02c1ad24ca5219731d5e38d25a1b553c6a67f1460796e297fb4221488c2","4060698","1500782729","7/23/2017 4:05:29 AM","0x8737305011408648c0c2fc6ff831d566fbaac483","0x60b4bf902e31c48fd3e3aed35a321381ae5693db","7976"
"0x30b904e2b61d0a1b22c92e9b33a13f55ce1d90c5c219889979cd44a0d04d169f","4060699","1500782746","7/23/2017 4:05:46 AM","0x8d12a197cb00d4747a1fe03395095ce2a5cc6819","0xe416166dbc2371d7a1a128e492ca6aa0a3f48bff","1000"
"0xc708e996a209663041020b3c07da1129e7397365c4acd3c16afbaab704c558c9","4060699","1500782746","7/23/2017 4:05:46 AM","0xfbb1b73c4f0bda4f67dca266ce6ef42f520fbb98","0xd2e150cead18733a035330af2230fecd7ba1da01","345.31360889"
"0x0243dfa86fdc823009254d5f17e077eb42bffae8084d501d068920271dcfc8d9","4060699","1500782746","7/23/2017 4:05:46 AM","0xfbb1b73c4f0bda4f67dca266ce6ef42f520fbb98","0x4fd5cab42272b27c43410d7ff3b8632af02bfc96","2074.86207242"
"0xbd3e72125dccc99ec09d3edd173bbcec5c7b032e370cce63d235f5cff6e9662a","4060699","1500782746","7/23/2017 4:05:46 AM","0xfbb1b73c4f0bda4f67dca266ce6ef42f520fbb98","0xc4bf46544793204b9ab9b0d276c7416b86378115","0.49"
"0x5e0d8e89164cf554c08a3e41fd5da8fee0fbc0bdde3f70f77991511c1828452c","4060699","1500782746","7/23/2017 4:05:46 AM","0xfbb1b73c4f0bda4f67dca266ce6ef42f520fbb98","0x543f1d2feb6f2f8ba338ec4b21da2a4120d0f7af","10992.46571081"
"0x8cda2e063eff8ccfd39c70e8c357905e07097d6fa196bdeaa3b3cf7d21b36d3d","4060704","1500782782","7/23/2017 4:06:22 AM","0x5e575279bf9f4acf0a130c186861454247394c06","0x150e75e0bca62ab2ba2cc780b125afbd5a84deb6","9618.47165971"
"0x16fa28c3a21c5bd315b09a9a7cd4a8de19b335581734b47c4ab149de40b8a7dc","4060708","1500782842","7/23/2017 4:07:22 AM","0x781bb6e8fd8d40076d1b42d49eb48742932d2a4c","0x8737305011408648c0c2fc6ff831d566fbaac483","1238.71411702"
"0x2b2a54f48eb87f0d0e31ad0c2c1624cadf9e8a6b4769e82fc2e15222056b8b00","4060709","1500782865","7/23/2017 4:07:45 AM","0xa6badd07ed7ceb67a3d30e4f31fc8315f1f00d8d","0x8737305011408648c0c2fc6ff831d566fbaac483","6407.62147912"
"0xf270b478b035452f3876f19aa5cad13402334f7bb8fff12be158f9599b648753","4060710","1500782880","7/23/2017 4:08:00 AM","0xfbb1b73c4f0bda4f67dca266ce6ef42f520fbb98","0x781bb6e8fd8d40076d1b42d49eb48742932d2a4c","340.51970962"
"0xa9eed86687ecc3667f41e575c317a7fda538ffb2857d870f2318e41132d9ee67","4060711","1500782900","7/23/2017 4:08:20 AM","0x953b0a5727a2cd73f781d3ca90eb15329357230b","0x8737305011408648c0c2fc6ff831d566fbaac483","500"
"0xc052d275e3b3c5656603fbbffd6c5c547d401bb8e1de413d7703ba61f7bc47da","4060716","1500782939","7/23/2017 4:08:59 AM","0x1151314c646ce4e0efd76d1af4760ae66a9fe30f","0xd357ecb38f5f86ba3cef05b2b8b269e44174e3cf","9.9"
"0x0dc4e6e7227d228f1735190a44217e2fe237d76579b422235c405def2ef0df21","4060718","1500782970","7/23/2017 4:09:30 AM","0x4fd5cab42272b27c43410d7ff3b8632af02bfc96","0x8737305011408648c0c2fc6ff831d566fbaac483","2074.86207242"
"0x7f4e419af686ffa52544538cf28ef60a0da27a3a0203713996825306c1908998","4060719","1500782991","7/23/2017 4:09:51 AM","0xfbb1b73c4f0bda4f67dca266ce6ef42f520fbb98","0xc4bf46544793204b9ab9b0d276c7416b86378115","1755.43930588"
"0xa04e167094d9b4eac6ef73dfc68b88997e3d509f8fe3e503e0e7776e1ca380a4","4060722","1500783047","7/23/2017 4:10:47 AM","0x543f1d2feb6f2f8ba338ec4b21da2a4120d0f7af","0x8737305011408648c0c2fc6ff831d566fbaac483","10992.46571081"
"0xdebc5ef7163939b76975328460cc132beba51cf628524d9916fe193604ed79df","4060727","1500783134","7/23/2017 4:12:14 AM","0xfbb1b73c4f0bda4f67dca266ce6ef42f520fbb98","0x32d38f32952e6b4eb9ab35c16e6999bf0ab01a56","7148.07666985"
"0x9b64c2e0c59f56eeda1c2e41983ae81440da5302ef603b8fdad46d0d95f63a96","4060728","1500783149","7/23/2017 4:12:29 AM","0x781bb6e8fd8d40076d1b42d49eb48742932d2a4c","0x8737305011408648c0c2fc6ff831d566fbaac483","340.51970962"
"0x667f9470a9ab37794859f200cdc80487879cf19d1e4d02014ede7b753cce1bcc","4060731","1500783179","7/23/2017 4:12:59 AM","0x74b14c51003789f41ad8123446ba6ae5d86f1cda","0x9548558dfe5e02b1c87e0de18f59e7df92d662ee","2691"
"0x6acacd9f263fa94771ca87e21542bdae8073a89b06d5c4f0c60016f05d7557d4","4060737","1500783318","7/23/2017 4:15:18 AM","0x8737305011408648c0c2fc6ff831d566fbaac483","0x32d38f32952e6b4eb9ab35c16e6999bf0ab01a56","14196.55092648"
"0x0757322b2e296321e3dee37348771c1415aed3f1350b5e4c0b3b3998638dfbc3","4060745","1500783467","7/23/2017 4:17:47 AM","0xfbb1b73c4f0bda4f67dca266ce6ef42f520fbb98","0x6ca1b686e50851ea86636425653b088d8360532c","2499.99"
"0x2fb3d28d0f342a723e473ae270224754b5da1b7a927a53410f7eeab76bd1c648","4060745","1500783467","7/23/2017 4:17:47 AM","0xfbb1b73c4f0bda4f67dca266ce6ef42f520fbb98","0x4fd5cab42272b27c43410d7ff3b8632af02bfc96","586.78237184"
"0x0f5c5357d2e390dce3006d8ee07f4009a5c15bef01c81426196f27de9705e268","4060746","1500783505","7/23/2017 4:18:25 AM","0x5e575279bf9f4acf0a130c186861454247394c06","0x1cef662bae3c78e961e4df919d99349f6466c039","363.5"
"0x93e817fedb30c1648a5115e0296bfc7ba88e10ee054c584a1f164c70576198b0","4060749","1500783565","7/23/2017 4:19:25 AM","0x3c154d6a5f53e66085ce1d7c26f23aeb6d6b18ac","0xfe163043e562e27a402ae1709069e9ccccab0af9","7130"
"0x220ad795de7b2723b989e5fccc1a6c18e4feda78ede79d9c1906684a69af4b38","4060757","1500783803","7/23/2017 4:23:23 AM","0xfbb1b73c4f0bda4f67dca266ce6ef42f520fbb98","0x69ec5f9ad51e4152018eb2751b65355553358b58","7117.02340313"
"0xd1c691a97391f191f53eaba64c631f8ae18863fa795aa9c7e95f70b99df549cd","4060757","1500783803","7/23/2017 4:23:23 AM","0xfbb1b73c4f0bda4f67dca266ce6ef42f520fbb98","0x10479137b5985c945c46a3a4e775ecbb3f8096a3","729.25263992"
"0x649358abac98b7fdf25b868c2ce482b4bcebf373d5451deaa993582c73b07afb","4060759","1500783830","7/23/2017 4:23:50 AM","0xfbb1b73c4f0bda4f67dca266ce6ef42f520fbb98","0x1016fea904349056754edc2b1519b22e0b3d2ad8","9352.99"
"0xda78f5036cddf47151069b0b4944fd844ee923cea3a5be75c40167cfd632bc14","4060762","1500783875","7/23/2017 4:24:35 AM","0x4fd5cab42272b27c43410d7ff3b8632af02bfc96","0x8737305011408648c0c2fc6ff831d566fbaac483","586.78237184"
"0x22de13d56bb08651882d4d4ea70ed50518b9113863faac7b9bcc8c3265ded6fd","4060769","1500783972","7/23/2017 4:26:12 AM","0xfbb1b73c4f0bda4f67dca266ce6ef42f520fbb98","0x56945063e32c6070f22a5106ea2326d3cef8a008","9153.97570934"
"0x1cfd5bbb591c55199f0ee352628ce322fc2b7b9405b7f88eab707c1704a9f70c","4060769","1500783972","7/23/2017 4:26:12 AM","0x8737305011408648c0c2fc6ff831d566fbaac483","0xe8fa093e9261047ddb8e4c8d8a16b3b21a3853da","2072.0004944"
"0x9961b98f496fc3a924e2699d03552902a0341bb859c0b43ab76220c9a9a5fbba","4060770","1500783978","7/23/2017 4:26:18 AM","0xfe163043e562e27a402ae1709069e9ccccab0af9","0x8737305011408648c0c2fc6ff831d566fbaac483","7130"
"0x9e2fff4e9c039c1df544cfd7e4386a6bb1c49b3600c08191b50c3d15fbefb011","4060772","1500784036","7/23/2017 4:27:16 AM","0x69ec5f9ad51e4152018eb2751b65355553358b58","0x8737305011408648c0c2fc6ff831d566fbaac483","7117.02340313"
"0x3acbc8ee7252d4056c6374b6dd1b29d3a3dc6ee3a8e8f97ecf3fc51ec8214670","4060776","1500784118","7/23/2017 4:28:38 AM","0x10479137b5985c945c46a3a4e775ecbb3f8096a3","0x8737305011408648c0c2fc6ff831d566fbaac483","729.25263992"
"0x4d63fc2e0bd735416c03c548e16ba4a78621cd536d2405217495b74d7c92e7e3","4060780","1500784232","7/23/2017 4:30:32 AM","0xfbb1b73c4f0bda4f67dca266ce6ef42f520fbb98","0x922b8f2ccca32d5c3602824c41139b8374fd6e38","3999.99"
"0x277f1f1f2c0efab00ccae1e763d026da80cd015e1d50a724bdcfe8cdf20b785a","4060780","1500784232","7/23/2017 4:30:32 AM","0x0656583f47a265b505cbd59285faf23609378adc","0x8545f95ccdc0d9976cb6f55df4d9d170be6bec2f","49285"
"0x4da2f435a8321b5dce653851c9a43239cf8182b0e6cbc4d694a8cb70536583ab","4060786","1500784297","7/23/2017 4:31:37 AM","0x56945063e32c6070f22a5106ea2326d3cef8a008","0x8737305011408648c0c2fc6ff831d566fbaac483","9153.97570934"
"0xd8283f73f43f9469276810a4c602645a6fe4697a0d705a40e3a4f9eb83813bff","4060788","1500784326","7/23/2017 4:32:06 AM","0xfbb1b73c4f0bda4f67dca266ce6ef42f520fbb98","0x017e0e851c74e17228a2f96c870b5995aaafd2b5","1670.41337731"
"0xfb3d8484dac22629ad67b1e095e13baa3c7b0f338c23f69e3e515304c94d090f","4060788","1500784326","7/23/2017 4:32:06 AM","0xfbb1b73c4f0bda4f67dca266ce6ef42f520fbb98","0x4fd5cab42272b27c43410d7ff3b8632af02bfc96","2347.03773368"
"0x69bd1da1476f7325070a562434ed84ba9a1a60732d178bafde22557cee4a13ca","4060788","1500784326","7/23/2017 4:32:06 AM","0xfbb1b73c4f0bda4f67dca266ce6ef42f520fbb98","0x781bb6e8fd8d40076d1b42d49eb48742932d2a4c","1687.93764111"
"0x4cbda705a81ec38302620d30bf3bdf18eda50aba21eb36fad2cd30733d3877c8","4060788","1500784326","7/23/2017 4:32:06 AM","0xfbb1b73c4f0bda4f67dca266ce6ef42f520fbb98","0x017e0e851c74e17228a2f96c870b5995aaafd2b5","345.23184454"
"0x1dfbec7068628253d5d2b41049617ca8091e155e39772d5ca32a102625be245d","4060794","1500784441","7/23/2017 4:34:01 AM","0xfbb1b73c4f0bda4f67dca266ce6ef42f520fbb98","0x82a87a5240451fecf4fc5b7ed542ff014c712ca4","2631.13532728"
"0x9edfba9f6d5310648bd292817636cb93b9db8e3b2747269c4f15fd7bea2df16c","4060794","1500784441","7/23/2017 4:34:01 AM","0xfbb1b73c4f0bda4f67dca266ce6ef42f520fbb98","0x4b4863bf0299ea0bc161ee56b1ad20243792ad5d","621.65353426"
"0x40117520405621ce8945aa69223ff996d6de0799e1c7491564da6c19030cfd31","4060794","1500784441","7/23/2017 4:34:01 AM","0xfbb1b73c4f0bda4f67dca266ce6ef42f520fbb98","0xaff388cf934d223401568bf558f44161e6474914","1174.456"
"0xc301e3310c30aa871a4b3392bcb5afd13c4eaabba91420f9d61eb88a5521b7fd","4060800","1500784543","7/23/2017 4:35:43 AM","0x922b8f2ccca32d5c3602824c41139b8374fd6e38","0x8737305011408648c0c2fc6ff831d566fbaac483","3999.99"
"0xa1997551f1580a303b0309d8050d2e4077a27fc66ea7d2b487a3ca0879730882","4060801","1500784562","7/23/2017 4:36:02 AM","0xfbb1b73c4f0bda4f67dca266ce6ef42f520fbb98","0xf20c1b76e6d4ce432dcbc11d78d3c7c2f9d71b17","705.46"
"0xf9825e5e34af1f5c596370a479a05b5e8f1845589838d494364744532cebd09c","4060801","1500784562","7/23/2017 4:36:02 AM","0xfbb1b73c4f0bda4f67dca266ce6ef42f520fbb98","0x0a8b2d4db6eed0f5b8af31c4664018335d769328","3262.78759164"
"0x2aa0054c236032fe11376f937231c36e238b569d4ce304db4025a3b643cca680","4060801","1500784562","7/23/2017 4:36:02 AM","0xfbb1b73c4f0bda4f67dca266ce6ef42f520fbb98","0x6e15f12d8e034c93945c33b5fa44302eef36db97","61.99"
"0x4b3555e973ffbcdbd91b7755dc59f256c9d39754dc5d95102b9b0187561747de","4060805","1500784653","7/23/2017 4:37:33 AM","0x4fd5cab42272b27c43410d7ff3b8632af02bfc96","0x8737305011408648c0c2fc6ff831d566fbaac483","2347.03773368"
"0x7bf916e4d8213aa0f6e7ddb7eaa591c1deb3042fab0e9dc9c24101d9de56860f","4060805","1500784653","7/23/2017 4:37:33 AM","0x017e0e851c74e17228a2f96c870b5995aaafd2b5","0x8737305011408648c0c2fc6ff831d566fbaac483","2015.64522185"
"0xc3c0a3480daf3c5708c514c92f4bbcd2ebfd1e90a5d98a69450a3d00ab64d40a","4060805","1500784653","7/23/2017 4:37:33 AM","0x781bb6e8fd8d40076d1b42d49eb48742932d2a4c","0x8737305011408648c0c2fc6ff831d566fbaac483","1687.93764111"
"0xbc91a2516c8adc6065788377998335fca2629bc3619d059edd5d6e0f5907a208","4060808","1500784694","7/23/2017 4:38:14 AM","0xfbb1b73c4f0bda4f67dca266ce6ef42f520fbb98","0x003a6df5ac6edec6b194a464dc399e7e72b932b8","890"
"0xb2e7b2262fa40ed51f38dd3281a32e7bda66c9271d87dafb611f9901b04097b7","4060810","1500784762","7/23/2017 4:39:22 AM","0x82a87a5240451fecf4fc5b7ed542ff014c712ca4","0x8737305011408648c0c2fc6ff831d566fbaac483","2631.13532728"
"0x0df5b8b6a4142f264e9bc5e6ce01fd7cf86fa74d099fd0d3529d166890332a1c","4060811","1500784774","7/23/2017 4:39:34 AM","0x4b4863bf0299ea0bc161ee56b1ad20243792ad5d","0x8737305011408648c0c2fc6ff831d566fbaac483","621.65353426"
"0x5366999cf9dfa077fa26705c4adc9af4947b345083d8199e07add48c21e57cde","4060813","1500784801","7/23/2017 4:40:01 AM","0x6e15f12d8e034c93945c33b5fa44302eef36db97","0xfbb1b73c4f0bda4f67dca266ce6ef42f520fbb98","61.99"
"0xbc076c15ca204204e1ec0c549e2c1eeba091079245811477e3b12db032e2f1d0","4060822","1500784915","7/23/2017 4:41:55 AM","0xf20c1b76e6d4ce432dcbc11d78d3c7c2f9d71b17","0x8737305011408648c0c2fc6ff831d566fbaac483","705.46"
"0x5c02b505009e647701daef558897aa29625cb4f85d424061f91d6ce73852ac62","4060822","1500784915","7/23/2017 4:41:55 AM","0xaff388cf934d223401568bf558f44161e6474914","0x8737305011408648c0c2fc6ff831d566fbaac483","1174.456"
"0x4821e53a1caa88bb0aa286e97a3a5ad7c05a098593c36a4f032e791e9a86be46","4060832","1500785000","7/23/2017 4:43:20 AM","0xb733e7d5676d7c5904582e21339a2bb330b2e2d1","0x8ab2a8eaebac6482da18a64cdee912208e180597","999.5"
"0x4c88686532825624a460cb38491694ee1103fe5b36841dc7a5e87de7210853dc","4060847","1500785378","7/23/2017 4:49:38 AM","0x2ebb507b1da5b2619515d542a8af27b0747a6bc2","0xbbc0516e88e6b613d49fde3241ce8f5183bb2b43","7297.376"
"0xc7b8bee720f5b72cdc623320ad87f55fff0bf0d9ea5ad56d2b22649811df79bb","4060847","1500785378","7/23/2017 4:49:38 AM","0x8737305011408648c0c2fc6ff831d566fbaac483","0x4a7975f249f0da0e1029db20e2ee5ccc410c8a11","1492.509"
"0xce3c27935c61f55ac2768cb6f84a7d1fa9b9025eb5731ea1c81af36c50e6b6a3","4060848","1500785383","7/23/2017 4:49:43 AM","0x8737305011408648c0c2fc6ff831d566fbaac483","0x29be16dd94d3f1ba9b8cc343579304f3f43dd168","1496.61073776"
"0x4807235dbb4aabff743dfce34436b7b2714cfb368e713c4d816f1c7f567ac994","4060848","1500785383","7/23/2017 4:49:43 AM","0x8737305011408648c0c2fc6ff831d566fbaac483","0x8d01926ce14c821370151424fd2d9b4e7b05927b","99.5006"
"0xef8a00669029b9940a6d41f9be6fd9cbc9f8f3acae1f6a81f79b568312e713c7","4060854","1500785480","7/23/2017 4:51:20 AM","0x2ebb507b1da5b2619515d542a8af27b0747a6bc2","0xdd55e540cc910786acd0ab2127b5336627986751","44.26"
"0xdd1b79112263e9bd847b24ec6ae0a49458ee0d2a7421a5d263eb34b19aeb5488","4060879","1500785957","7/23/2017 4:59:17 AM","0xfbb1b73c4f0bda4f67dca266ce6ef42f520fbb98","0xe6bed9e868c4c65682ac79e1af5903fec1f68240","2943.979"
"0xba0dd8b56aa031fac4bfae99243816dd60beb78a3029200e68aaf660510c1006","4060882","1500786068","7/23/2017 5:01:08 AM","0xfbb1b73c4f0bda4f67dca266ce6ef42f520fbb98","0x30d6a999a29261b4ff6551e5832121935c9b4f76","639.28804895"
"0xb641bd6830ea7f3da2c776f11e65e432e9544bb07ef49990299065d64042fc90","4060887","1500786162","7/23/2017 5:02:42 AM","0xd527539095648e2f68421da8ed4d959ee5c110a0","0x79bd9d9aacd048071c90c6b130f4d0bbded10a1e","999.5"
"0xac1801bf27da66bea77b5cc477011c3516c38f44204a3bcd006c46c57616bc00","4060889","1500786325","7/23/2017 5:05:25 AM","0xfbb1b73c4f0bda4f67dca266ce6ef42f520fbb98","0x4b4863bf0299ea0bc161ee56b1ad20243792ad5d","556.36428412"
"0xe8baf4df16ae771fe118906c6d36655e4e0b56cd6b48b6aa296228cc5355deff","4060892","1500786375","7/23/2017 5:06:15 AM","0x8737305011408648c0c2fc6ff831d566fbaac483","0x631b24851e18223a6d787f0345b7612e478575f8","1274.22458372"
"0x2ddde775fa7f79f64c9bfe5b38d529816a77c03d74729afc00b5c60b113ea940","4060893","1500786391","7/23/2017 5:06:31 AM","0x8737305011408648c0c2fc6ff831d566fbaac483","0x31773b70f485f8557cc82675e31d2d200225b36b","1765.34959526"
"0xaaf76f05fc4c4d0f34bd6967d4fc8adcc05d5b292457345d5487c39bdb843aa1","4060894","1500786415","7/23/2017 5:06:55 AM","0x1151314c646ce4e0efd76d1af4760ae66a9fe30f","0xca2159c679067629b16e26cc00de59d799e08fbe","22.8"
"0x2ac3f3a1699f1c02ee49c703e07bdbc0c8d233a806b4ec994d73aa2b08b3e4d4","4060895","1500786434","7/23/2017 5:07:14 AM","0x30d6a999a29261b4ff6551e5832121935c9b4f76","0x5e575279bf9f4acf0a130c186861454247394c06","639.28804895"
"0xfe5789ca5a0d9c923cab77d98d898faa5e8ea6da65c28a8af2622eceec25032b","4060896","1500786460","7/23/2017 5:07:40 AM","0xe6bed9e868c4c65682ac79e1af5903fec1f68240","0x8737305011408648c0c2fc6ff831d566fbaac483","2943.979"
"0x78b936b3575314c04cbb7a344a1e74c6d9f7b46121b84b350dbe68cd12ee5b78","4060904","1500786690","7/23/2017 5:11:30 AM","0x4b4863bf0299ea0bc161ee56b1ad20243792ad5d","0x8737305011408648c0c2fc6ff831d566fbaac483","556.36428412"
"0x2fc4def790d816e74820fc2942212ebce1fda25202e3da2fe3b2f0da9339bf40","4060904","1500786690","7/23/2017 5:11:30 AM","0xca2159c679067629b16e26cc00de59d799e08fbe","0xfbb1b73c4f0bda4f67dca266ce6ef42f520fbb98","22.8"
"0xa8d8f750048144e759a2807ec63878b80e37e6fb1ffe05d428f8c5cf7250747d","4060908","1500786738","7/23/2017 5:12:18 AM","0x79bd9d9aacd048071c90c6b130f4d0bbded10a1e","0x8737305011408648c0c2fc6ff831d566fbaac483","999.5"
"0x17d2a80fbbb9c7ea85e7867ef915746bffa9198d8a54806dd15192a620b9f811","4060922","1500786971","7/23/2017 5:16:11 AM","0xa16ba68474b5d593979c78a4b250d033e5e48e2a","0x62eae029fe829fc66c953fa67e15761c941e23ce","300000"
"0x7b0ed2e4230cd9976903d8615be250d684ed15032e953600e3827e78f5cc5447","4060931","1500787196","7/23/2017 5:19:56 AM","0x62eae029fe829fc66c953fa67e15761c941e23ce","0x33a128b8c502a182eca996152b3d8fc2d94e6b4d","999.5"
"0x3051fd3a905d8de2bd193a4e3f3e40f793b99a3d8e7e33f420501b010df829a5","4060931","1500787196","7/23/2017 5:19:56 AM","0x62eae029fe829fc66c953fa67e15761c941e23ce","0xaf645f8827019676cbfc9618f9f2d7c984b257b2","999.5"
"0xe42a8f02b255f8619c3b16d4d45823d9ade7e26e912690425b40b603953dbbd0","4060931","1500787196","7/23/2017 5:19:56 AM","0x62eae029fe829fc66c953fa67e15761c941e23ce","0xa8552c98936476a6c4c2210ec1083790a564062c","999.5"
"0xe22a0e5d7c2e894d497ced7e6c87b9f80c09d9f03d4167d3a5ad1ba996cbb8de","4060931","1500787196","7/23/2017 5:19:56 AM","0x62eae029fe829fc66c953fa67e15761c941e23ce","0x87536aa5e5dd86ef3034cbbf86f8cd5be1b68445","999.5"
"0x34eaa8844ed6d30479a3337a4a2ed57ca40f5e6ff39f0735ed03f47aa23aae25","4060931","1500787196","7/23/2017 5:19:56 AM","0x62eae029fe829fc66c953fa67e15761c941e23ce","0x44dd656d918353943f4d915460e3abca8c68afc9","999.5"
"0xd738203bb1259e63af60ec69d2915b96ac6d46566cfd72c7bdac4348cb3b69d6","4060931","1500787196","7/23/2017 5:19:56 AM","0x62eae029fe829fc66c953fa67e15761c941e23ce","0xf1bdc9e87799553822104dbcd768196af6592951","999.5"
"0xe24a14e50ad427abe9ac59ea3a0589819ad70b5b2dbce4ef59ce3e18ffe9118e","4060931","1500787196","7/23/2017 5:19:56 AM","0x62eae029fe829fc66c953fa67e15761c941e23ce","0x566dbfc7477171ca4311d001b5b8f2a5d6914e83","999.5"
"0xad4f4fd4ffdc6b25ffc309c6f89cb3f9ebc2064cf9b7cca863721bb7e47b9794","4060931","1500787196","7/23/2017 5:19:56 AM","0x62eae029fe829fc66c953fa67e15761c941e23ce","0x971bb86753adb7999d7c19eb7bb1873ec5617a99","4.5"
"0x1fe7147c7920011d51474c866137343e7a4d93f51021a4e9d777e915df777ff7","4060931","1500787196","7/23/2017 5:19:56 AM","0x62eae029fe829fc66c953fa67e15761c941e23ce","0x72363c61a0a32fe86e922d4b187fa3c139831db5","999.5"
"0x5858e490e57a8baf7d4bad6497909fb537571782a9e31ccbea1bf2efa5520eea","4060931","1500787196","7/23/2017 5:19:56 AM","0x62eae029fe829fc66c953fa67e15761c941e23ce","0x72363c61a0a32fe86e922d4b187fa3c139831db5","999.5"
"0x23dafbfcd5529bc4ff46d96034edbd326be5f483c54874be44394aeeabb987b6","4060931","1500787196","7/23/2017 5:19:56 AM","0x62eae029fe829fc66c953fa67e15761c941e23ce","0x72363c61a0a32fe86e922d4b187fa3c139831db5","999.5"
"0xc0c8f1ff9f234b56f206d4a72e40cc0ec662c056311ac7f2566cf1d59aaa7599","4060931","1500787196","7/23/2017 5:19:56 AM","0x62eae029fe829fc66c953fa67e15761c941e23ce","0x1aa6bbdb653b3ac6057a4aefa50bcc4077d55920","989.5"
"0x47cc07c974b70e24c77bb76d9b91275a31db440453d2bc619ee2f6c2d8e533c0","4060931","1500787196","7/23/2017 5:19:56 AM","0x62eae029fe829fc66c953fa67e15761c941e23ce","0x9f402d0cea351ab0194ff86e179e3e36bb24ba12","999.5"
"0xe424cc340b48bd599234ccbef2ff5d2080e88dd6f71a50f321773f202e0ba4cc","4060931","1500787196","7/23/2017 5:19:56 AM","0x62eae029fe829fc66c953fa67e15761c941e23ce","0x72363c61a0a32fe86e922d4b187fa3c139831db5","999.5"
"0xda5bdcc0d6b2d84293b264f2dc384d9185d69bd8993379139f7ed0f1a97e8b5b","4060931","1500787196","7/23/2017 5:19:56 AM","0x62eae029fe829fc66c953fa67e15761c941e23ce","0x72363c61a0a32fe86e922d4b187fa3c139831db5","999.5"
"0x7cbbcf466a0967dffa226ce9c09e8d14b87abe0c9cd3d1b17a125264f4969133","4060931","1500787196","7/23/2017 5:19:56 AM","0x62eae029fe829fc66c953fa67e15761c941e23ce","0xa2519b1b518b47fdfc5b5e1d44a19ee8d1cc4c62","999.5"
"0x150f9b277c257830a624a7b58a4fb665862325306674a21d9e2f625f4098adcc","4060931","1500787196","7/23/2017 5:19:56 AM","0x62eae029fe829fc66c953fa67e15761c941e23ce","0x06419404a7ffcd7467245f5db1e47ec5f9e3391d","989.5"
"0x195dad7cf30759c2ef7d88f9a7207896b475c4b490ef54d9ad3419bc4d26f2f0","4060931","1500787196","7/23/2017 5:19:56 AM","0x62eae029fe829fc66c953fa67e15761c941e23ce","0x7f07da1c6caa7719c8b03de4d0755dab9441758b","999.5"
"0x2b4f00cfb061fa5f3a2b471aea2020453485a9729aa44f51ee0b6c590ef9348b","4060931","1500787196","7/23/2017 5:19:56 AM","0x62eae029fe829fc66c953fa67e15761c941e23ce","0x7a93b09b1656a08269e496d8e0e8139f781d7684","999.5"
"0xaee8347cd677f79edf44367d5f361f1e12f9e68111a2c810dc902a9e08c328c9","4060931","1500787196","7/23/2017 5:19:56 AM","0x62eae029fe829fc66c953fa67e15761c941e23ce","0x6dd9788e0448076b8a7fd6600067122db193a687","999.5"
"0xb96aa3ff4092452a9ad875684fcbc5e8c4c5a115d66c5ca45855aa72aa4f6385","4060931","1500787196","7/23/2017 5:19:56 AM","0x62eae029fe829fc66c953fa67e15761c941e23ce","0x47328b7459b29e63e8bef2b4f448a208170be190","999.5"
"0xea4ecdd60cab351e8b3cd21adac672cce82d10c9713c809beb4296ff2329a5b6","4060931","1500787196","7/23/2017 5:19:56 AM","0x62eae029fe829fc66c953fa67e15761c941e23ce","0x32755db6a3294ddd3701407084e55baea24d4784","999.5"
"0xe38c2658c56e42bc862e1a654b168c2aa38ffb9f9ad555b1f29fafbc2e1ddb09","4060931","1500787196","7/23/2017 5:19:56 AM","0x62eae029fe829fc66c953fa67e15761c941e23ce","0x867ad5566011e5e1f488c90b0490fcd5395413c0","999.5"
"0xe7c3129eb7af57f538674ac10f879c6296ac6f6c06dbe3675815ed05752c6059","4060931","1500787196","7/23/2017 5:19:56 AM","0x62eae029fe829fc66c953fa67e15761c941e23ce","0xd8d83d66c1e465196d8b1a23baea07f3b60a66b7","999.5"
"0xb4e73ab73d97bfcf4250b1e274c2e858affb01202bedc1a6214efa56a1f7bfa6","4060931","1500787196","7/23/2017 5:19:56 AM","0x62eae029fe829fc66c953fa67e15761c941e23ce","0x58f4d1f710611373755d10770515b962b3bb84db","499.5"
"0xc528c4d238e881e85420294c1c0620e46acbef2829f96ab925820f339e99156b","4060931","1500787196","7/23/2017 5:19:56 AM","0x62eae029fe829fc66c953fa67e15761c941e23ce","0x00f5ee05fca8a42ba52988310238f705c53c1675","999.5"
"0x72a9e8ed6014cac6181183e274b00912e6299a87f21648eef8713242df8b3d17","4060931","1500787196","7/23/2017 5:19:56 AM","0x62eae029fe829fc66c953fa67e15761c941e23ce","0x0f0d743e8e3c3ec2003f2bfc7dfc22a507caa8a4","999.5"
"0x27a6c37937f2ad271447fb39e2abaf7c7a3ddec4eb4dbbec6c61535ca536852b","4060931","1500787196","7/23/2017 5:19:56 AM","0x62eae029fe829fc66c953fa67e15761c941e23ce","0xff06a94e171fe7f29c4635b89756e59e66f9ebd8","999.5"
"0xe63270f0cf5ffc542a1899e883c8ee22e608edbfb571857221a32fd73f5d722e","4060931","1500787196","7/23/2017 5:19:56 AM","0x62eae029fe829fc66c953fa67e15761c941e23ce","0xff06a94e171fe7f29c4635b89756e59e66f9ebd8","999.5"
"0xc24c650b6391babeaa3524c54d084ad18c68cbcd89b7886b09742d4c276a61d8","4060931","1500787196","7/23/2017 5:19:56 AM","0x62eae029fe829fc66c953fa67e15761c941e23ce","0xfc50fc14ac737b2def0b645bbc6e30a7c6a64e40","999.5"
"0x02df37a6ec25c65e706bd2a5ae7c061c768911c7ec57c72a1d668bba4175c282","4060931","1500787196","7/23/2017 5:19:56 AM","0x62eae029fe829fc66c953fa67e15761c941e23ce","0x5cdb1937f1c261586a14e4c3e3ccc72b8c416607","999.5"
"0xa0704dbe5c978ed4160dc5857094efcb563fd5654362dcabe8645bfcdbf66c70","4060931","1500787196","7/23/2017 5:19:56 AM","0x62eae029fe829fc66c953fa67e15761c941e23ce","0x61080064fc3a88ed2eb4da91891d6980c249db5f","999.5"
"0x2ddcfc13609220f69b9b57f46e0e5a4ac47fafe12e0c6a7ec486f97e25cd9c6e","4060931","1500787196","7/23/2017 5:19:56 AM","0x62eae029fe829fc66c953fa67e15761c941e23ce","0x0a7446c4a54ff18d3bb99e55337a37ab42ca892f","999.5"
"0x32b6111cbd919e2a30c0e88c07f3777d9624cc404f5cfb3d56babf2a96b06e41","4060931","1500787196","7/23/2017 5:19:56 AM","0x62eae029fe829fc66c953fa67e15761c941e23ce","0x1241b9a94b7cbd63c50a9fa35b1e370fc583cb00","999.5"
"0x501091e6bc2a073962005f9b4ff73e009ee512eb317f06d0a930b03e46ec79b1","4060931","1500787196","7/23/2017 5:19:56 AM","0x62eae029fe829fc66c953fa67e15761c941e23ce","0x1241b9a94b7cbd63c50a9fa35b1e370fc583cb00","999.5"
"0x135f3e776f02874d8cc71ab33e1e3312058df1ba03cd564b2dafb3331210d1dd","4060931","1500787196","7/23/2017 5:19:56 AM","0x62eae029fe829fc66c953fa67e15761c941e23ce","0x3f8bee5d80332d048276959398dec01ff0cbec35","999.5"
"0xe6dcdf69cab1ecc30fad790f6de92c852772e9d634716d326256495c182bffcd","4060931","1500787196","7/23/2017 5:19:56 AM","0x62eae029fe829fc66c953fa67e15761c941e23ce","0x18958b7ec1f0d8104cd9bbfb1b7a8e286c1ad960","4.5"
"0xeb861ebb8d1da6b3b6c0c4853061eedbdeab8b00318adca9ad17966b85f99195","4060931","1500787196","7/23/2017 5:19:56 AM","0x62eae029fe829fc66c953fa67e15761c941e23ce","0x8b6ede2fed029b84ffe415fd36baa68c54e6b64c","999.5"
"0xecfe4fe573e8bcaac237021e63e6e85a6b9291d048d57e2459a66d09ec073ec9","4060931","1500787196","7/23/2017 5:19:56 AM","0x62eae029fe829fc66c953fa67e15761c941e23ce","0x3e540efca555e6bcb9616a9d57786211a5ba43af","199.5"
"0xc0a4a302adcda96ea65fc4aa376a5c5632dfb0c3721f24ceeca4c0576886f0f9","4060931","1500787196","7/23/2017 5:19:56 AM","0x62eae029fe829fc66c953fa67e15761c941e23ce","0x15e920f99a3e4c1f06bc32af24196b4cb945f208","989.5"
"0x460538f4a7f96c769b5702667f4358eb492a36ec464093de33dd8104a435c842","4060931","1500787196","7/23/2017 5:19:56 AM","0x62eae029fe829fc66c953fa67e15761c941e23ce","0xe764a24bcc04bd15ce7673310fda7071f945ecfa","499.5"
"0xf6d9b9a70499158688a93370acac69987cfe98ac46105b11db577cbedf1f6ea2","4060931","1500787196","7/23/2017 5:19:56 AM","0x62eae029fe829fc66c953fa67e15761c941e23ce","0x20b7fcfde441daef85b304adbaa50cd1740ad3ae","999.5"
"0x8ba4f23c94f04119ad49bd33322eb5e5de8184288a3e099af9b9b0862b849a6b","4060931","1500787196","7/23/2017 5:19:56 AM","0x62eae029fe829fc66c953fa67e15761c941e23ce","0x9739a8d55bd54784a04ede527a3409304a0f6b0d","999.5"
"0xee23153a80f7474e9052c31ba8afe90816b78619ba07117ef310f987612641ca","4060931","1500787196","7/23/2017 5:19:56 AM","0x62eae029fe829fc66c953fa67e15761c941e23ce","0x9739a8d55bd54784a04ede527a3409304a0f6b0d","999.5"
"0x3c00734cee18e4d1953b2e5dccbbcc2fc9ca821b6061d417f83d9a1b6ca4629a","4060931","1500787196","7/23/2017 5:19:56 AM","0x62eae029fe829fc66c953fa67e15761c941e23ce","0x22cd308f3a89e933fe5267af178d77da07c45645","499.5"
"0x7ab5ba091d7eba9a9fffd52ee9c303893a4d601506234bdb94d8d74650dbfd4c","4060931","1500787196","7/23/2017 5:19:56 AM","0x62eae029fe829fc66c953fa67e15761c941e23ce","0x6207440e354541bbc37e12ea8ba4824c3a21b17c","999.5"
"0xc611d9317513f73ec4af7cd410f8defcb8b34ae8f6136fad0d1896f3fe1fe3b0","4060931","1500787196","7/23/2017 5:19:56 AM","0x62eae029fe829fc66c953fa67e15761c941e23ce","0x6d2c5b077d4c8be373996694e076121696361946","999.5"
"0x0c2b45615c76974c690176158d469dd8d97ba8007fb63bb3dd60d37aca9162d7","4060931","1500787196","7/23/2017 5:19:56 AM","0x62eae029fe829fc66c953fa67e15761c941e23ce","0x1e97020b630fd479200151f544c9a95c1d72ef31","999.5"
"0x17cf2197fd0110a41a1514b25fb70b80048003eae5ddcffefac8cef95b39cb1d","4060931","1500787196","7/23/2017 5:19:56 AM","0x62eae029fe829fc66c953fa67e15761c941e23ce","0x92e1d47fcd0d82c37bffe54bab0d6d60b2d39d68","999.5"
"0xb035ce85608ba0b0345fc2a9d3f2779918c75c41214597760e6fc1cfc91d8a2b","4060931","1500787196","7/23/2017 5:19:56 AM","0x62eae029fe829fc66c953fa67e15761c941e23ce","0xb77aaf70a2912e7938f42ca780d081a7fe97a118","999.5"
"0x02f1a6a00fee3a24b69f1c734889b208f23d2a89a061fda7d16cfa5120f56831","4060931","1500787196","7/23/2017 5:19:56 AM","0x62eae029fe829fc66c953fa67e15761c941e23ce","0x08384346c2647d3b98d423eff5c5f19c1692ea59","499.5"
"0x479454d21542704668fad6dc610aeca41562769730168bdb1735b1b7ee66c3f0","4060931","1500787196","7/23/2017 5:19:56 AM","0x62eae029fe829fc66c953fa67e15761c941e23ce","0xb8a9b86c583bfa51872a50507122c56f6e6cfb17","999.4"
"0xa92c17f8efdd616df3e42191f557281d34791774e39cb4b53d7578120ee1091e","4060931","1500787196","7/23/2017 5:19:56 AM","0x62eae029fe829fc66c953fa67e15761c941e23ce","0x00f5ee05fca8a42ba52988310238f705c53c1675","999.5"
"0xa629c0f3cbdfabd5ee5393c887d25ce258404191febbfa75f25bff435ff9c9d2","4060931","1500787196","7/23/2017 5:19:56 AM","0x62eae029fe829fc66c953fa67e15761c941e23ce","0xe63f1451b7db782be4985b0647d5c933909c2e00","999.5"
"0xe730b3aaafcaac281202b37b75baf1ecbc561c12ffe6466cee37b1f2872f45e8","4060931","1500787196","7/23/2017 5:19:56 AM","0x62eae029fe829fc66c953fa67e15761c941e23ce","0x74dcc47a89c6e04b8b9528562e424f13fd78a704","999.5"
"0xf7814938b8e0f942acdbbc1cc40095205723844bb9f60756f50f576e4bdac05a","4060931","1500787196","7/23/2017 5:19:56 AM","0x62eae029fe829fc66c953fa67e15761c941e23ce","0x08e94857bc311e9323818a2940a3ac3bfe4fce51","998.5"
"0x0ec92f7288e157e3ad2443304d7df86a23f361a7c76530b0efca4a14a36c97d2","4060931","1500787196","7/23/2017 5:19:56 AM","0x62eae029fe829fc66c953fa67e15761c941e23ce","0x3edd0db98aad6585df88fe51499c0d20ed1ab2e7","870.5"
"0x62bc0ac3454af285ad11f6a565f6503d2551063e5903a7f7e1c885b45d586de6","4060931","1500787196","7/23/2017 5:19:56 AM","0x62eae029fe829fc66c953fa67e15761c941e23ce","0x9cca8db670a0cfa97bb70dbefe176ed5cb13ead0","999.5"
"0x8b4f65b7d6f3f393855380a526bd6711a1de0560a0e4493b1463178a3dfbe2f3","4060931","1500787196","7/23/2017 5:19:56 AM","0x62eae029fe829fc66c953fa67e15761c941e23ce","0x09bfd28ff6996bae21cc51c8a97c36d9322ab2e9","99.5"
"0x9c05ec3400c73997eabd710c11f9ddeb58ea5e77e38fb13216e4bae41372c742","4060931","1500787196","7/23/2017 5:19:56 AM","0x62eae029fe829fc66c953fa67e15761c941e23ce","0x2c9480001c30d555d6815a8d54f85abc9cd8f514","999.5"
"0x4a19c9f20090412ec86a5a542bcfe35c3c2431a0278d5f5b7c3f53009d79a45d","4060931","1500787196","7/23/2017 5:19:56 AM","0x62eae029fe829fc66c953fa67e15761c941e23ce","0x6cdfac93baa8282f0d2e57026d6c02a9609bbd78","999.5"
"0x69aadf65fd168251d28fcb2bcc1db70334ffe67b9b7a7bf9b3e224902c539bd0","4060932","1500787211","7/23/2017 5:20:11 AM","0x62eae029fe829fc66c953fa67e15761c941e23ce","0xb7cbea948a83b8ca526c80dce133ec48da9ca530","999.5"
"0x88fab4df64ef2b10c6616cbb5b1367049a5a60aaa3c4ab2e4a3a8689221b0f2b","4060932","1500787211","7/23/2017 5:20:11 AM","0x62eae029fe829fc66c953fa67e15761c941e23ce","0x236c6d51cb99b6d0552f6d81ec207f57f97e98f9","999.5"
"0x9489b7fefea22db52e784112d5220218bd93028fe05c63b2e437c787f4d520ed","4060932","1500787211","7/23/2017 5:20:11 AM","0x62eae029fe829fc66c953fa67e15761c941e23ce","0x09bfd28ff6996bae21cc51c8a97c36d9322ab2e9","999.5"
"0x9af18e4984e1e4f002ee3564bda7c4576d5d8874d79bd5dc71830a110aca6dc9","4060932","1500787211","7/23/2017 5:20:11 AM","0x62eae029fe829fc66c953fa67e15761c941e23ce","0xb5c8e3096bd6bc7698d454441204e7f59dc12f64","999.5"
"0xa0a5e4d83d764bc5c145fb3b79d288223dbdb952aaefec993eb5846d2e18e83b","4060932","1500787211","7/23/2017 5:20:11 AM","0x62eae029fe829fc66c953fa67e15761c941e23ce","0xfd9bc9cdf4c2119a7a1c71e64fb1f2bd3acc0822","999.5"
"0x61295dcb95f2f986c2344a6f28b87ffbc476d9d41fa9802b9c15328f9bc337a0","4060932","1500787211","7/23/2017 5:20:11 AM","0x62eae029fe829fc66c953fa67e15761c941e23ce","0xc9988b4f9d02bfd37d74cbf8d937d7745b286a24","999.5"
"0xa18ee4bac9f9201860395902464aac57eb4177c231d2057ad194acb4e7425a2d","4060932","1500787211","7/23/2017 5:20:11 AM","0x62eae029fe829fc66c953fa67e15761c941e23ce","0x34e6c81118b462886aba02bd3993edff0c4ebc37","999.5"
"0xf3bd0942fde54e13dba67e0c7025d9183bbeb48bf63f97c8e3d3f4e85d26f506","4060932","1500787211","7/23/2017 5:20:11 AM","0x62eae029fe829fc66c953fa67e15761c941e23ce","0x04d19390a7fa0077f319f8c2c854266998285de8","299.5"
"0x3c40452002ad4b0b9c9ffa729a56f10129ac54ace98589ece3711335e6aa0e36","4060932","1500787211","7/23/2017 5:20:11 AM","0x62eae029fe829fc66c953fa67e15761c941e23ce","0xf30ee2812de81946616b7ad4b0167935797c9513","999.5"
"0xdb5e5daadba0d4b5c7d44d268854f23fb853e9f5579bf86aa00d1aee14554dde","4060932","1500787211","7/23/2017 5:20:11 AM","0x62eae029fe829fc66c953fa67e15761c941e23ce","0xea47eb42a6b894296917f87f711cd812d288963d","4.5"
"0xb35f4ba36065a09f8fc6ffddac8137dc2dba884f24948e9b3a248e238088ecb3","4060932","1500787211","7/23/2017 5:20:11 AM","0x62eae029fe829fc66c953fa67e15761c941e23ce","0xcab5e10bc6f5eaa1b775097a7a86291093074d4e","999.5"
"0xd6b3bda4f4a418d97f298367a4b73365b70764233122512abad656746d58af46","4060932","1500787211","7/23/2017 5:20:11 AM","0x62eae029fe829fc66c953fa67e15761c941e23ce","0xcab5e10bc6f5eaa1b775097a7a86291093074d4e","999.5"
"0xe54dc9fcab1a30aa539a498ff2e3c3a803b73b8370b19da0ff078526e110d74d","4060932","1500787211","7/23/2017 5:20:11 AM","0x62eae029fe829fc66c953fa67e15761c941e23ce","0x4ccb5f9391f1fdf6cdc9a76719708561de97a019","999.5"
"0x2e3a36c8b52631867490c040a46d5279fe4a8c8abf7d4215697f1d55edb74c52","4060932","1500787211","7/23/2017 5:20:11 AM","0x62eae029fe829fc66c953fa67e15761c941e23ce","0x4ee2eb46f88ac0cf125880d454a7e9ebd2b378ed","999.5"
"0xc81be237b148255f2603d7ef2d55e431f460f38d8328e034c387afe9899a926e","4060932","1500787211","7/23/2017 5:20:11 AM","0x62eae029fe829fc66c953fa67e15761c941e23ce","0x59eb80826da3fc843f0e42869dd91ea8860d4089","999.5"
"0xdf7584336f0bb959d2b33bac692e90e992a424ef5aaddb95a4956e6bd4806908","4060933","1500787233","7/23/2017 5:20:33 AM","0x0482915de6b11c0925ab8d297596af7d00fdfbeb","0xc37329bef85922bb2414d81c065f45d18fad34a6","999.5"
"0xac6dd788083f33d04189eeb99ec9ee2d8ebe85e3018c0a6b1ccd3bd8e966cfdc","4060933","1500787233","7/23/2017 5:20:33 AM","0x62eae029fe829fc66c953fa67e15761c941e23ce","0xd49f31c825a39d37a64e47b784e33595ffc699b3","999.5"
"0x6ded44f25d41a333d442e67b9de81fa7db889f6c375c28e22588b2d27454264d","4060933","1500787233","7/23/2017 5:20:33 AM","0x62eae029fe829fc66c953fa67e15761c941e23ce","0xdd43971cf32d309c4e778aaff8edbbdbe1a0a66f","999.5"
"0xb061687be8bb23facc012a2413f605b48aba78b9ade926bfd93b76a79739063d","4060933","1500787233","7/23/2017 5:20:33 AM","0x62eae029fe829fc66c953fa67e15761c941e23ce","0xdcef9ca07e06d7b0de2417166757cc432a8a9163","999.5"
"0xa1a93feda1a260dd5e02c37d3590087ec4fd8d4fbfed24a49cacb212a628d18b","4060933","1500787233","7/23/2017 5:20:33 AM","0x62eae029fe829fc66c953fa67e15761c941e23ce","0xacd0fa618b9681248cdc4eec93f3c06ee32548dd","999.5"
"0x9c317cf6a87da0f8d1306a0ebc3072624167c78b3dab371a88d738bf5bd161e3","4060933","1500787233","7/23/2017 5:20:33 AM","0x62eae029fe829fc66c953fa67e15761c941e23ce","0x67dd0927c31b5487acc0320d851bf2c6a267e55d","999.5"
"0x452acbe3fee896afff6bce23eba457e8d7d61aed274ddf065727ef7812ca5bfe","4060933","1500787233","7/23/2017 5:20:33 AM","0x62eae029fe829fc66c953fa67e15761c941e23ce","0x25262a2100d4834dd2f8cf5a7db72c85d587566d","999.5"
"0x747f392d50d809ae7d61803a28f275c1dc251b9b44fe51b1159b549fc18200fc","4060933","1500787233","7/23/2017 5:20:33 AM","0x62eae029fe829fc66c953fa67e15761c941e23ce","0x1c58237ef9a1e8d14f263723c780a35cec5cd15f","49.5"
"0x8c6c75d6b411bfdd6188e4943121a04900914e6bb1644c63ee616429bea6327c","4060933","1500787233","7/23/2017 5:20:33 AM","0x62eae029fe829fc66c953fa67e15761c941e23ce","0x3db6becf578be07202125f9c11925f696a97a835","999.5"
"0xe8eefacec2f52639bd3881f119218909a67bfde94a50a1541344183435214a4b","4060933","1500787233","7/23/2017 5:20:33 AM","0x62eae029fe829fc66c953fa67e15761c941e23ce","0xffabcf5c29320efe6b54a89039a9cada73fa7413","999.5"
"0xf2722d62fa2dc72dcb8fb8ef2cc9d30726a061ce2c33cba8cb59cf76bdf9f9e9","4060933","1500787233","7/23/2017 5:20:33 AM","0x62eae029fe829fc66c953fa67e15761c941e23ce","0xc16335a168910c5889c6394510809eb89aa6521d","999.5"
"0x058f4940a1e1e76444e8798f46a7cbeab30076a87a937114c6ca0b4a9c232312","4060933","1500787233","7/23/2017 5:20:33 AM","0x62eae029fe829fc66c953fa67e15761c941e23ce","0x7dfd8b90731548bcc0a76097879fa21eb9efd980","999.5"
"0x2beb0b749457c457466023b4b71bf2a9b5c6d4fb2542d658e63c1c55bb890552","4060933","1500787233","7/23/2017 5:20:33 AM","0x62eae029fe829fc66c953fa67e15761c941e23ce","0x2c26600fa57e487b6dcce98e327a03b79d747ad3","999.5"
"0x666fb853b4e63ac1f28af8276f1eedf599db0516cefd361e863aa3c966a69b20","4060933","1500787233","7/23/2017 5:20:33 AM","0x62eae029fe829fc66c953fa67e15761c941e23ce","0x6a426d692e7f4fc87363cef06f54fb84f11616d0","999.5"
"0x0eac25eafac5cd14d994042978c431e03d659b0223e79c71e65b5cfa4e9415b7","4060933","1500787233","7/23/2017 5:20:33 AM","0x62eae029fe829fc66c953fa67e15761c941e23ce","0x7aee948cede41e32402955610ca84b5fb30cc161","999.5"
"0x6d033ee12da2d6f0edbf05838bd2b456b5d6b7c8e5df35cf08dfff2bd2f854ce","4060933","1500787233","7/23/2017 5:20:33 AM","0x62eae029fe829fc66c953fa67e15761c941e23ce","0x6a426d692e7f4fc87363cef06f54fb84f11616d0","999.5"
"0x908eb64f436000ddd9c4d4ba7a6eaf1462d46b0bd4dc410c1e26338beaa974b3","4060933","1500787233","7/23/2017 5:20:33 AM","0x62eae029fe829fc66c953fa67e15761c941e23ce","0xcf6789126bbdbc29c414a57c4e3afb05e7bcd45a","999.5"
"0xbc80fed9167ec2bccd1b74d0739aaa6594bbf7c1f96e8851a7cf9e3827e24609","4060933","1500787233","7/23/2017 5:20:33 AM","0x62eae029fe829fc66c953fa67e15761c941e23ce","0x6a426d692e7f4fc87363cef06f54fb84f11616d0","999.5"
"0x480d402f2210681025b20d668ac5f57161c0ad7bb7c01c76bc6961266c3d0e4b","4060933","1500787233","7/23/2017 5:20:33 AM","0x62eae029fe829fc66c953fa67e15761c941e23ce","0x921285ba7eda6b10966ce8972b5b68994ccb63be","999.5"
"0xca924c77cbd7fc245963dfd5f39f17b69fae652ef47b8fb6d71c206c5140055f","4060933","1500787233","7/23/2017 5:20:33 AM","0x62eae029fe829fc66c953fa67e15761c941e23ce","0x6a426d692e7f4fc87363cef06f54fb84f11616d0","999.5"
"0x53a1690a77918838ce12d73d5ca626c839ea69a2a6c53a84fc6704b09f0ee484","4060933","1500787233","7/23/2017 5:20:33 AM","0x62eae029fe829fc66c953fa67e15761c941e23ce","0xae741e8ad0a24fe72904efe328fae7c3b30c9234","999.5"
"0x5c7c565fc128b06496d0914ec442cf7ed05943f3abe784f3af6b553c3ee77b65","4060933","1500787233","7/23/2017 5:20:33 AM","0x62eae029fe829fc66c953fa67e15761c941e23ce","0x97741a3e32d2e2363d7fdb4822c5da5d5613906b","999.5"
"0x309657a25de237d17dd9b2871f9f3ea83d7cec9ab6baba7169f21556cdaabd7f","4060933","1500787233","7/23/2017 5:20:33 AM","0x62eae029fe829fc66c953fa67e15761c941e23ce","0xdf7e362fd90b53728ccbe403e93ed6670504e699","999.5"
"0x1b09eb31952169b85fc8a035187478083d7fe85fcdd748f9fc196cf3a0665d2a","4060933","1500787233","7/23/2017 5:20:33 AM","0x62eae029fe829fc66c953fa67e15761c941e23ce","0xd09efaa06a108fd9a6d698f8af0d2a6731a798f1","999.5"
"0xe30ba8cd5bf8126784ca5cfbfb5296e1f4b23454331f5bde1783600325132b00","4060933","1500787233","7/23/2017 5:20:33 AM","0x62eae029fe829fc66c953fa67e15761c941e23ce","0x27f6c206dc6cacc157991429450b3522623e626d","599.5"
"0x3fccf6aa7934b1f2a1879c7107ad777c87fa4f1945d8de128ffdfb98cc177a90","4060933","1500787233","7/23/2017 5:20:33 AM","0x62eae029fe829fc66c953fa67e15761c941e23ce","0x415e8bed2d04c0661900f07637fe03317eca3559","999.5"
"0x0643dd32b59287f69ee87ccfd5f41124449b2b49ee7016b4849d1cce54a2a0c3","4060933","1500787233","7/23/2017 5:20:33 AM","0x62eae029fe829fc66c953fa67e15761c941e23ce","0xe991560fcb3e88df1196781a61f189cb36ce8e3b","999.5"
"0x9891b3ceaa103fd157724aebc3449f0b1cbd314dd89e36625904db22582289b2","4060933","1500787233","7/23/2017 5:20:33 AM","0x62eae029fe829fc66c953fa67e15761c941e23ce","0x1be66d7a949319f9516e7518a7c225ea8fb2a937","999.5"
"0xd0a0bbd0d2f66b4733257eb0a5c85f923e5896660da943cb150ba9575079ce10","4060933","1500787233","7/23/2017 5:20:33 AM","0x62eae029fe829fc66c953fa67e15761c941e23ce","0x5629670f6475e6a16fdbdc14ca89b262ff6abb72","4.5"
"0x9d85c8f481043573b57b075cb3700c0f7ab894e1fa31149169cbead2ecba8c53","4060933","1500787233","7/23/2017 5:20:33 AM","0x62eae029fe829fc66c953fa67e15761c941e23ce","0x6df7c35d82177179e3510795defe55866e5bdb41","999.5"
"0x314a3d9787387cca55411f4003d5f7ab3292e64a967d46cc7dc406c1080f16f3","4060933","1500787233","7/23/2017 5:20:33 AM","0x62eae029fe829fc66c953fa67e15761c941e23ce","0x233613afdc29fd4c9e7aa0badc45c241f24236c2","999.5"
"0xbdcb7f23f3534405f415ea0e61500fd671fd17f9121562743f8d496e968cd6b9","4060933","1500787233","7/23/2017 5:20:33 AM","0x62eae029fe829fc66c953fa67e15761c941e23ce","0xf41a5b4d7aebcc888a6f977e0d3b25ec459c7ef9","999.5"
"0xc637581fc7b62c7e3c6ae248edb7730efe576c39e2bd94b87a48f289128e640e","4060933","1500787233","7/23/2017 5:20:33 AM","0x62eae029fe829fc66c953fa67e15761c941e23ce","0x43aa4b0018a33eaafec2ea81f4919c057a0b6bc5","499.5"
"0x0798b5be1a427b0cdbb1fc9e8075f4b3f6198cc7cc23277cf230aff6553e0794","4060933","1500787233","7/23/2017 5:20:33 AM","0x62eae029fe829fc66c953fa67e15761c941e23ce","0xa3ad8d2b4f6f4cd38a1956a41d137158967f9c3c","999.5"
"0x92c39b01ac4aa1127233060fe5b6893f9b8da31ad6caf12951d14161e337050e","4060933","1500787233","7/23/2017 5:20:33 AM","0x62eae029fe829fc66c953fa67e15761c941e23ce","0xd0ec447a9fd6cf92ba2f799b851ad40eb3296e93","999.5"
"0xcacaba50ce6793e4a22ab08846858c217103fae78abf9373c2ceb0df2556aebb","4060934","1500787241","7/23/2017 5:20:41 AM","0xb01232fef3f077f1d76be74306931131066f4efa","0x0f58a7836e1713902bca7ba4e2e0db06fc4f77ac","399"
"0x0aa0dac12b399a8fc844e1e287036ed9ba5d93702cf642344b6985b788337067","4060945","1500787435","7/23/2017 5:23:55 AM","0xe63f1451b7db782be4985b0647d5c933909c2e00","0x1151314c646ce4e0efd76d1af4760ae66a9fe30f","999.5"
"0xbb388284941260bb154dece8ec7f40dff96f42c100e800175471bd26e02c853a","4060946","1500787467","7/23/2017 5:24:27 AM","0x921285ba7eda6b10966ce8972b5b68994ccb63be","0x5e575279bf9f4acf0a130c186861454247394c06","999.5"
"0x9eb097fdd399531d2e448737bca95f22e5176c9c6c6bdc61cdab6f8461706b6e","4060947","1500787506","7/23/2017 5:25:06 AM","0xf1bdc9e87799553822104dbcd768196af6592951","0xfbb1b73c4f0bda4f67dca266ce6ef42f520fbb98","999.5"
"0x6651a9034c5f707880aef1ebc429835223890db52765115c4d8c390fb821cb5f","4060947","1500787506","7/23/2017 5:25:06 AM","0x1be66d7a949319f9516e7518a7c225ea8fb2a937","0x5e575279bf9f4acf0a130c186861454247394c06","999.5"
"0x84e228f3fc23ee79c8c5a853e9018fff7792fd890be4b2adcf2eee27bd08d2cd","4060948","1500787516","7/23/2017 5:25:16 AM","0x5cdb1937f1c261586a14e4c3e3ccc72b8c416607","0xfbb1b73c4f0bda4f67dca266ce6ef42f520fbb98","999.5"
"0xd49dc2ece9787bf333f04941e4fe383d9cacff7fee42a155d9686858b9a82c5d","4060948","1500787516","7/23/2017 5:25:16 AM","0x0a7446c4a54ff18d3bb99e55337a37ab42ca892f","0xfbb1b73c4f0bda4f67dca266ce6ef42f520fbb98","999.5"
"0xbf0aa2e1b7c60f90b8a76ddcbb3e2a3a7cdebe0582cb8fff127e31ff603b16fa","4060948","1500787516","7/23/2017 5:25:16 AM","0x74dcc47a89c6e04b8b9528562e424f13fd78a704","0xfbb1b73c4f0bda4f67dca266ce6ef42f520fbb98","999.5"
"0xc91c978acab136b62298b9ad84d87f70e5710b03cdca94de5cc1d0e0fd77cde3","4060948","1500787516","7/23/2017 5:25:16 AM","0xb5c8e3096bd6bc7698d454441204e7f59dc12f64","0xfbb1b73c4f0bda4f67dca266ce6ef42f520fbb98","999.5"
"0xc429e9bd43b539501d2c28f17be316abd813dbd58709029f4294490fa5844cc5","4060948","1500787516","7/23/2017 5:25:16 AM","0x4ccb5f9391f1fdf6cdc9a76719708561de97a019","0xfbb1b73c4f0bda4f67dca266ce6ef42f520fbb98","999.5"
"0x0760a8d3efd212143b573c83fdfd250e2ce0104ebe0529ec614caf8ce3783b15","4060948","1500787516","7/23/2017 5:25:16 AM","0x25262a2100d4834dd2f8cf5a7db72c85d587566d","0xfbb1b73c4f0bda4f67dca266ce6ef42f520fbb98","999.5"
"0x120714a2f58a3d56dadd19b4d441599fd0d596bcb302094c36fd41b1fef3d35d","4060949","1500787530","7/23/2017 5:25:30 AM","0x33a128b8c502a182eca996152b3d8fc2d94e6b4d","0x8737305011408648c0c2fc6ff831d566fbaac483","999.5"
"0x2dd99c7d451d7e616c9ac5ca6a0a73f68958ffe403b3b2e7558ee770699bac6e","4060951","1500787567","7/23/2017 5:26:07 AM","0x6dd9788e0448076b8a7fd6600067122db193a687","0x8737305011408648c0c2fc6ff831d566fbaac483","999.5"
"0x2e208f93376054a449e0ea79e796291d4f48d5d738aef2518267561bef2d2783","4060951","1500787567","7/23/2017 5:26:07 AM","0x47328b7459b29e63e8bef2b4f448a208170be190","0x8737305011408648c0c2fc6ff831d566fbaac483","999.5"
"0x57161f1efe65d01cbd15e34b14c4f5ad30baffb309c6c84caebc4cc6eadf241d","4060951","1500787567","7/23/2017 5:26:07 AM","0x44dd656d918353943f4d915460e3abca8c68afc9","0x8737305011408648c0c2fc6ff831d566fbaac483","999.5"
"0x7856fbbffdc7d4e629a5b80c200e2a7051b459f7772b8078b2c1e7b5a7c5db14","4060951","1500787567","7/23/2017 5:26:07 AM","0xaf645f8827019676cbfc9618f9f2d7c984b257b2","0x8737305011408648c0c2fc6ff831d566fbaac483","999.5"
"0xed44e8b1bb5119873b687914b42282da863e6a95da1062b132f68b6d2d3c9d77","4060951","1500787567","7/23/2017 5:26:07 AM","0xa2519b1b518b47fdfc5b5e1d44a19ee8d1cc4c62","0x8737305011408648c0c2fc6ff831d566fbaac483","999.5"
"0x3d30530092a86bc6ead3a55506ec194baa5e9db35cab49f60805481654f8aa0b","4060952","1500787632","7/23/2017 5:27:12 AM","0x1151314c646ce4e0efd76d1af4760ae66a9fe30f","0x193db482d77e6582095d99a371e8cdfd0e3a35af","799.9"
"0x1117e62605c1f7881140735d6f06e7668352d69821aac6128e7ef907cabfc34b","4060953","1500787635","7/23/2017 5:27:15 AM","0x867ad5566011e5e1f488c90b0490fcd5395413c0","0x8737305011408648c0c2fc6ff831d566fbaac483","999.5"
"0x9a202f3272f473f67b283e191b454a4e227b02461dcef83f1c62cf9f14f8699d","4060953","1500787635","7/23/2017 5:27:15 AM","0xd8d83d66c1e465196d8b1a23baea07f3b60a66b7","0x8737305011408648c0c2fc6ff831d566fbaac483","999.5"
"0x9dd13c1c08866be4f8eac63b9292e5fa6f8b85cbd1953284301dbc7c1c2eb9fd","4060953","1500787635","7/23/2017 5:27:15 AM","0x1151314c646ce4e0efd76d1af4760ae66a9fe30f","0xdf96da5098ae774176530b64d1fc2e97a0f2c876","76.82"
"0xd051a8699a7cc950642aa2c9ca03788ceca74482743ebeefc798fd2e6ab9601b","4060954","1500787639","7/23/2017 5:27:19 AM","0x3e540efca555e6bcb9616a9d57786211a5ba43af","0x8737305011408648c0c2fc6ff831d566fbaac483","199.5"
"0xf0d39c3ee7c9f7b42911cd85d5551d8343ba8a3f43a6b84ff13b33a0a15c3bde","4060954","1500787639","7/23/2017 5:27:19 AM","0x58f4d1f710611373755d10770515b962b3bb84db","0x8737305011408648c0c2fc6ff831d566fbaac483","499.5"
"0x2028850918baa94cd0f96c05e80870c1e73afa662e50f3b689c8c8e0ea3c21a8","4060956","1500787671","7/23/2017 5:27:51 AM","0x8b6ede2fed029b84ffe415fd36baa68c54e6b64c","0x8737305011408648c0c2fc6ff831d566fbaac483","999.5"
"0x4a7b7ef5e6febb35f09498af32f7a9fe3c347976198ea802dd0683d7b084f287","4060956","1500787671","7/23/2017 5:27:51 AM","0x61080064fc3a88ed2eb4da91891d6980c249db5f","0x8737305011408648c0c2fc6ff831d566fbaac483","999.5"
"0xde617a2319af33546588211a152703c862aa0188f06c5f30dfcb2348d8517e0a","4060956","1500787671","7/23/2017 5:27:51 AM","0xfc50fc14ac737b2def0b645bbc6e30a7c6a64e40","0x8737305011408648c0c2fc6ff831d566fbaac483","999.5"
"0x802f80bd5ceb1250046902a1af70020a4c32cc71da452d48a4817ddc9a79f52d","4060958","1500787717","7/23/2017 5:28:37 AM","0x9739a8d55bd54784a04ede527a3409304a0f6b0d","0x8737305011408648c0c2fc6ff831d566fbaac483","1999"
"0xe04f308be7e021ea15b006baeb42498ecac33296048bfebee2a85ebab17b2320","4060958","1500787717","7/23/2017 5:28:37 AM","0x22cd308f3a89e933fe5267af178d77da07c45645","0x8737305011408648c0c2fc6ff831d566fbaac483","499.5"
"0x6dd82f613b5358a50a926b21607525e99360cefed0d90216e9a4cbb444d54747","4060958","1500787717","7/23/2017 5:28:37 AM","0xfbb1b73c4f0bda4f67dca266ce6ef42f520fbb98","0x4c028b5b37f5f66b3bb5845de78ebf6085e745a3","1159.99"
"0xa5e50cbe4ab2fbb52c2fe982f3eee7b0a1f895455fdd0771a3cc68779d2f6e5f","4060962","1500787802","7/23/2017 5:30:02 AM","0xe764a24bcc04bd15ce7673310fda7071f945ecfa","0x8737305011408648c0c2fc6ff831d566fbaac483","499.5"
"0x4277585a8e95a86de8bbd5ce634159d87bd9daa9b341dff2ff2b14a9b2c145e6","4060965","1500787820","7/23/2017 5:30:20 AM","0x1e97020b630fd479200151f544c9a95c1d72ef31","0x8737305011408648c0c2fc6ff831d566fbaac483","999.5"
"0xab4632efb2d87409e77ad97872485fcf52792636950c5254dc4e1c1e96760d74","4060965","1500787820","7/23/2017 5:30:20 AM","0x6cdfac93baa8282f0d2e57026d6c02a9609bbd78","0x8737305011408648c0c2fc6ff831d566fbaac483","999.5"
"0x96a80059158949486ed867c1f59f289b257f4d9b29d29cfb8cb0d345629ef076","4060966","1500787842","7/23/2017 5:30:42 AM","0xb8a9b86c583bfa51872a50507122c56f6e6cfb17","0x8737305011408648c0c2fc6ff831d566fbaac483","999.4"
"0x42099d4898193d634e5099bd5cd895e2019b7b0d0da4c15463789cd20c682b09","4060966","1500787842","7/23/2017 5:30:42 AM","0xb77aaf70a2912e7938f42ca780d081a7fe97a118","0x8737305011408648c0c2fc6ff831d566fbaac483","999.5"
"0xbb2f08be85414f0b56c97d5cd19135991d143ad8f2355cb0d962300aa5ec4aa9","4060966","1500787842","7/23/2017 5:30:42 AM","0x09bfd28ff6996bae21cc51c8a97c36d9322ab2e9","0x8737305011408648c0c2fc6ff831d566fbaac483","1099"
"0xb97aaab54338eaf7634b0f0e8f402a77e7be04831bd22d10bbc6766d42ac3f87","4060967","1500787891","7/23/2017 5:31:31 AM","0x193db482d77e6582095d99a371e8cdfd0e3a35af","0xfbb1b73c4f0bda4f67dca266ce6ef42f520fbb98","799.9"
"0x6e47c59240e4f28c22c89df7fbbdeabcc0c865d6b1217393086c7fc7446024ef","4060967","1500787891","7/23/2017 5:31:31 AM","0x08e94857bc311e9323818a2940a3ac3bfe4fce51","0x8737305011408648c0c2fc6ff831d566fbaac483","998.5"
"0x2386b85ca863382be67938e925ff1ead9048553a5261f90d8c07b7092f06d718","4060967","1500787891","7/23/2017 5:31:31 AM","0xdf96da5098ae774176530b64d1fc2e97a0f2c876","0xfbb1b73c4f0bda4f67dca266ce6ef42f520fbb98","76.82"
"0xda85e6fb4d09a905c4912068bd3d0248a33dc0f8353ae9978c9d86b2e398bf21","4060973","1500787959","7/23/2017 5:32:39 AM","0xfbb1b73c4f0bda4f67dca266ce6ef42f520fbb98","0x689f5466adfbb1f076f24ec4a7d08de48deae10f","1692.51442483"
"0x141ca1f95d829f351d5f3dd2b31fea39ab022824ab8eb147b3156288390c0bdf","4060973","1500787959","7/23/2017 5:32:39 AM","0xc9988b4f9d02bfd37d74cbf8d937d7745b286a24","0x8737305011408648c0c2fc6ff831d566fbaac483","999.5"
"0xd6de6d714d0a7d066c19009cf4da351b0bc50d918dd6d0dd250f5dc3ada4c8fb","4060973","1500787959","7/23/2017 5:32:39 AM","0x5e575279bf9f4acf0a130c186861454247394c06","0x3308af471785569ba9200f94a2cdca13fd48d26f","530.63608111"
"0xdbbd375afab6ed858436249ec8bf65f68481490436eabbe9166bd3c299306693","4060973","1500787959","7/23/2017 5:32:39 AM","0xb7cbea948a83b8ca526c80dce133ec48da9ca530","0x8737305011408648c0c2fc6ff831d566fbaac483","999.5"
"0x08d561bcaac0d685d7a5a8e0abf88f1a0f042159652bd91eb892e66434494cf2","4060974","1500787966","7/23/2017 5:32:46 AM","0x04d19390a7fa0077f319f8c2c854266998285de8","0x8737305011408648c0c2fc6ff831d566fbaac483","299.5"
"0xde056007799975f401e4319f2081c99b8163db7d9ca50a825d69e1a88838a55e","4060975","1500787975","7/23/2017 5:32:55 AM","0xf30ee2812de81946616b7ad4b0167935797c9513","0x8737305011408648c0c2fc6ff831d566fbaac483","999.5"
"0xa67e6fcd6b0e1a969c9481a1f90b1702b75956fd0cea05d26bebc001afabbaf4","4060976","1500787986","7/23/2017 5:33:06 AM","0xea47eb42a6b894296917f87f711cd812d288963d","0x8737305011408648c0c2fc6ff831d566fbaac483","4.5"
"0x63564416e2e47e50f9254702d770fc592b96a54d06fd15d59fe7cc9eb4b1b609","4060978","1500788002","7/23/2017 5:33:22 AM","0x4ee2eb46f88ac0cf125880d454a7e9ebd2b378ed","0x8737305011408648c0c2fc6ff831d566fbaac483","999.5"
"0xfd81951449780948a1b0a8ceb40c8b1e573e2f8df138479527cafec8c1a2f95a","4060978","1500788002","7/23/2017 5:33:22 AM","0x59eb80826da3fc843f0e42869dd91ea8860d4089","0x8737305011408648c0c2fc6ff831d566fbaac483","999.5"
"0x06e5f9931f8d486c36e5b9f9f84011d28c987868f012db010fa7043cbc96ba0c","4060980","1500788026","7/23/2017 5:33:46 AM","0xc37329bef85922bb2414d81c065f45d18fad34a6","0x8737305011408648c0c2fc6ff831d566fbaac483","999.5"
"0xbc0c869fd8cbf7c7ce4764461e8263def179e9654767ad20749fba8b69e629cb","4060981","1500788060","7/23/2017 5:34:20 AM","0x3db6becf578be07202125f9c11925f696a97a835","0x8737305011408648c0c2fc6ff831d566fbaac483","999.5"
"0xf8e268efc1e8c0bf87c43c9b4f0ad0f59bc8c11a031b85db94a3c226ed33d842","4060981","1500788060","7/23/2017 5:34:20 AM","0xffabcf5c29320efe6b54a89039a9cada73fa7413","0x8737305011408648c0c2fc6ff831d566fbaac483","999.5"
"0x808c636242b95992116b5b533a1b687dbc065b3c537bd960395e5b6113f0336a","4060981","1500788060","7/23/2017 5:34:20 AM","0x3308af471785569ba9200f94a2cdca13fd48d26f","0xfbb1b73c4f0bda4f67dca266ce6ef42f520fbb98","530.63608111"
"0x452a93b107861700dcab51b9c2539f9beaa36fa014fd57c57ae9eae292e6203b","4060982","1500788070","7/23/2017 5:34:30 AM","0xfbb1b73c4f0bda4f67dca266ce6ef42f520fbb98","0x689f5466adfbb1f076f24ec4a7d08de48deae10f","520.85726927"
"0xfc7a06a23b2ffcd24dd7c3f9da9b748c22fbf6fd6d8ecf6c1b4adac18a01cb06","4060986","1500788095","7/23/2017 5:34:55 AM","0x6a426d692e7f4fc87363cef06f54fb84f11616d0","0x8737305011408648c0c2fc6ff831d566fbaac483","3998"
"0x97578d203c85c949d36a5c6603f9abe348dbe8c6e4a4135976e660a32962a0c9","4060987","1500788141","7/23/2017 5:35:41 AM","0xc16335a168910c5889c6394510809eb89aa6521d","0x8737305011408648c0c2fc6ff831d566fbaac483","999.5"
"0x48faea76414c77f2b170a2201c0316dde9b8069c4acc3bb97864a15d08c13a10","4060990","1500788200","7/23/2017 5:36:40 AM","0xcf6789126bbdbc29c414a57c4e3afb05e7bcd45a","0x8737305011408648c0c2fc6ff831d566fbaac483","999.5"
"0xa3e9c2831f020661da122db615841013b7ad9fb7a03c882b992de1b64dd8ac09","4060991","1500788251","7/23/2017 5:37:31 AM","0xae741e8ad0a24fe72904efe328fae7c3b30c9234","0x8737305011408648c0c2fc6ff831d566fbaac483","999.5"
"0xe48ddd137f860d5697a6a1b770295098767e494ba126069e621622359916394b","4060991","1500788251","7/23/2017 5:37:31 AM","0x97741a3e32d2e2363d7fdb4822c5da5d5613906b","0x8737305011408648c0c2fc6ff831d566fbaac483","999.5"
"0x4a8bc582b7197461b9ca880f01d6917df8866ed7fac4d9efc28c3d72d183efab","4060994","1500788274","7/23/2017 5:37:54 AM","0xe991560fcb3e88df1196781a61f189cb36ce8e3b","0x8737305011408648c0c2fc6ff831d566fbaac483","999.5"
"0x1b0cdc8426168252f841401f7bb9643d92aee0445c7b6a85f673f402c06265b1","4060997","1500788297","7/23/2017 5:38:17 AM","0x6df7c35d82177179e3510795defe55866e5bdb41","0x8737305011408648c0c2fc6ff831d566fbaac483","999.5"
"0x1c71ece013536e907f189ed1aadb587a976359c27992f918c9e9be62509780c7","4061003","1500788398","7/23/2017 5:39:58 AM","0x43aa4b0018a33eaafec2ea81f4919c057a0b6bc5","0x8737305011408648c0c2fc6ff831d566fbaac483","499.5"
"0x84c07c575c52dc8ca8a4b88d29f61edaa25723683927aed24bf267134663a74c","4061003","1500788398","7/23/2017 5:39:58 AM","0x0f58a7836e1713902bca7ba4e2e0db06fc4f77ac","0x8737305011408648c0c2fc6ff831d566fbaac483","399"
"0xd15c9f003f04d00f5873197bb922f51047b8668a0df76d6314087b72372eb6c6","4061003","1500788398","7/23/2017 5:39:58 AM","0x689f5466adfbb1f076f24ec4a7d08de48deae10f","0x8737305011408648c0c2fc6ff831d566fbaac483","2213.3716941"
"0xe4c7d79a1ce01ff9011b33f655465403d126145b8bc6cdb018793c61a4b449ef","4061003","1500788398","7/23/2017 5:39:58 AM","0x4c028b5b37f5f66b3bb5845de78ebf6085e745a3","0x8737305011408648c0c2fc6ff831d566fbaac483","1159.99"
"0xe7fdd18b257ce981c2b8a2ef143f0960364663e15341553fc26c83fa9f04b824","4061003","1500788398","7/23/2017 5:39:58 AM","0xa3ad8d2b4f6f4cd38a1956a41d137158967f9c3c","0x8737305011408648c0c2fc6ff831d566fbaac483","999.5"
"0xa4c41d8cbc705f39764f4649754c5f9be30e0d21a6fe085c2e824ddfcca0d71c","4061005","1500788442","7/23/2017 5:40:42 AM","0xfbb1b73c4f0bda4f67dca266ce6ef42f520fbb98","0x82a87a5240451fecf4fc5b7ed542ff014c712ca4","7809.41416516"
"0x972259bc113371784ee9e7ea1aa68f0b641b3d58c5f69e7934af7d0776718c31","4061011","1500788562","7/23/2017 5:42:42 AM","0xfbb1b73c4f0bda4f67dca266ce6ef42f520fbb98","0x5efaf2aecc05c1748513fd5168924a6cbad68105","159.70735237"
"0x8150bf486d05fc0dd0c4badab7a2e532138bd88a75ba911bb91553a12ef34602","4061024","1500788751","7/23/2017 5:45:51 AM","0x82a87a5240451fecf4fc5b7ed542ff014c712ca4","0x8737305011408648c0c2fc6ff831d566fbaac483","7809.41416516"
"0x77cf1e9843de7a8a253108988fbaa552389d0690d792fbc4e7a0091baa25e884","4061024","1500788751","7/23/2017 5:45:51 AM","0x1151314c646ce4e0efd76d1af4760ae66a9fe30f","0x5c9d7d54d059cbc1678dabe9efe750f46b032636","2.9"
"0x02431c0247ba833c791888a28b6f9cecef1e7a6d3911bacc5a75511cea130e37","4061027","1500788802","7/23/2017 5:46:42 AM","0xfbb1b73c4f0bda4f67dca266ce6ef42f520fbb98","0x1efe182ddb9b82bfb3afa3614ed28e20232b8730","657.29464589"
"0x2224790b8a0ef7fb5ff2c13d6badbf4918835e78d9e59275c5d20c6b2f0b998f","4061028","1500788849","7/23/2017 5:47:29 AM","0xfbb1b73c4f0bda4f67dca266ce6ef42f520fbb98","0x4b4863bf0299ea0bc161ee56b1ad20243792ad5d","2946.93703061"
"0x64877b154225337d9326962ec1a6edbb822d93b3d44d5a4f8e22ecf79337cf3d","4061037","1500788973","7/23/2017 5:49:33 AM","0xfbb1b73c4f0bda4f67dca266ce6ef42f520fbb98","0x4b4863bf0299ea0bc161ee56b1ad20243792ad5d","385.47000591"
"0x1d99d13bf4b025ecaedbd1dceee08050dc91bf6a8e2367a2c1d44d47b2de1a7a","4061038","1500789107","7/23/2017 5:51:47 AM","0xfbb1b73c4f0bda4f67dca266ce6ef42f520fbb98","0x017e0e851c74e17228a2f96c870b5995aaafd2b5","499.99"
"0x64bc03b7aca61e2ea18257e596a603c1475cd0be92e612c668d60d7dbe19eb66","4061039","1500789121","7/23/2017 5:52:01 AM","0xfbb1b73c4f0bda4f67dca266ce6ef42f520fbb98","0x10c118505541a506ae70a474f6c3c0b10eda05ae","249.99"
"0x872aaf1d098b24d2b525dd8c4d8fceec6e7a2c953adabc9c4757e85e458c2a01","4061041","1500789141","7/23/2017 5:52:21 AM","0x1efe182ddb9b82bfb3afa3614ed28e20232b8730","0x5e575279bf9f4acf0a130c186861454247394c06","657.29464589"
"0x66b3f3fb927305ae30b0094bb0a0a76a15dc5bf244495eec8abb2100d70d8418","4061046","1500789238","7/23/2017 5:53:58 AM","0x4b4863bf0299ea0bc161ee56b1ad20243792ad5d","0x8737305011408648c0c2fc6ff831d566fbaac483","3332.40703652"
"0xcc8fc63f5bd3401a34dd875c624ae41b7033a59dcb384dec5a10098a44ce79a8","4061046","1500789238","7/23/2017 5:53:58 AM","0x5c9d7d54d059cbc1678dabe9efe750f46b032636","0x8737305011408648c0c2fc6ff831d566fbaac483","2.9"
"0xee9a127b06f41b78203a7d1034ce758577b37f360df929ba7a96585a62ba67e1","4061053","1500789380","7/23/2017 5:56:20 AM","0x017e0e851c74e17228a2f96c870b5995aaafd2b5","0x8737305011408648c0c2fc6ff831d566fbaac483","499.99"
"0x4b3ca6dda2380333bec5ae9df60d19227b61b6d8711078afde64c4dc05fae40b","4061053","1500789380","7/23/2017 5:56:20 AM","0x1151314c646ce4e0efd76d1af4760ae66a9fe30f","0x16c56e74c956dae79c1a985618c37e6e6826c865","21.60509522"
"0xc0dabfe5f4d51dd282ed63d87d8e36de4f1f88947a28f4e99724b118b6dd6e18","4061057","1500789469","7/23/2017 5:57:49 AM","0x10c118505541a506ae70a474f6c3c0b10eda05ae","0x8737305011408648c0c2fc6ff831d566fbaac483","249.99"
"0x10e713c5b938d773f11cc5cc6e941b8dfdb8fc27917135d0af515361517c71c5","4061062","1500789620","7/23/2017 6:00:20 AM","0x8737305011408648c0c2fc6ff831d566fbaac483","0x73dbfb2767076301171b83585d271b022dfee1dc","4471.545"
"0xf7f43cef7544139bace91c0fbc436c2b196efc8f141c50f7446562d1e423df35","4061062","1500789620","7/23/2017 6:00:20 AM","0x8737305011408648c0c2fc6ff831d566fbaac483","0x60b4bf902e31c48fd3e3aed35a321381ae5693db","7976"
"0x9e69866070e6e4621592c829a836f175cc92d9cdbac0352cdd978e048d7954a6","4061062","1500789620","7/23/2017 6:00:20 AM","0x8737305011408648c0c2fc6ff831d566fbaac483","0xd3512ac47617ed8d5d2940bbead370fcffa91455","3489.5"
"0xec43e1c8d6dd0b08c3a26fdbfc6a568f51914ed490ad3c1f7910c70786f4676a","4061062","1500789620","7/23/2017 6:00:20 AM","0x8737305011408648c0c2fc6ff831d566fbaac483","0xd3512ac47617ed8d5d2940bbead370fcffa91455","1495.5"
"0x4b80f3354a33e98035610f129a4bf6b42f0f0577a8d721c750584e6a34c925a0","4061065","1500789690","7/23/2017 6:01:30 AM","0x16c56e74c956dae79c1a985618c37e6e6826c865","0x1151314c646ce4e0efd76d1af4760ae66a9fe30f","21.60509522"
"0x0505abe830158a7fe09c67fa8258639b35c433034f65b3b9a618ef7b9ecd5c8c","4061067","1500789700","7/23/2017 6:01:40 AM","0x8737305011408648c0c2fc6ff831d566fbaac483","0xe50e5d3ae875b0263b33cb74ae1c4f372d1c1d63","7646.94946198"
"0x5326d02c4bf47f99c5b700a438093b4700dc2893d978edc58531584d33e7e1dc","4061090","1500790144","7/23/2017 6:09:04 AM","0xfbb1b73c4f0bda4f67dca266ce6ef42f520fbb98","0x017e0e851c74e17228a2f96c870b5995aaafd2b5","477.99"
"0x00e529e6a26e02d1f8ccafa484e655de1f217324db72d727e4462b0cc7f79325","4061090","1500790144","7/23/2017 6:09:04 AM","0xfbb1b73c4f0bda4f67dca266ce6ef42f520fbb98","0x241f3fe431dc9d4169365d6a72a9c34257bbd3f1","282.48384742"
"0x66c86721e1f9ea186568ff9b133820facca9f5486398facfe22d1a043104bef3","4061097","1500790277","7/23/2017 6:11:17 AM","0xfbb1b73c4f0bda4f67dca266ce6ef42f520fbb98","0x4b4863bf0299ea0bc161ee56b1ad20243792ad5d","136.08499393"
"0xb8931e6193f37219d7b940954abba2db174674ee48a7dd3c07b45c8ef71f4cd9","4061111","1500790473","7/23/2017 6:14:33 AM","0x017e0e851c74e17228a2f96c870b5995aaafd2b5","0x8737305011408648c0c2fc6ff831d566fbaac483","477.99"
"0x02a7f5cab917f39068de045e050c033020d9ef9cd630fa8900d382befb677bae","4061112","1500790492","7/23/2017 6:14:52 AM","0x1151314c646ce4e0efd76d1af4760ae66a9fe30f","0xca2159c679067629b16e26cc00de59d799e08fbe","21.50509522"
"0x8b71f0de0e0b2d73237bd76ce6dce7911a9bd76fb0fda0efc20bbac6e01fdd93","4061114","1500790552","7/23/2017 6:15:52 AM","0x4b4863bf0299ea0bc161ee56b1ad20243792ad5d","0x8737305011408648c0c2fc6ff831d566fbaac483","136.08499393"
"0x994a23359461f27f17dbefb93370dc42ad9bfb1b3bd3a1082ec646e7ff75f0a4","4061122","1500790756","7/23/2017 6:19:16 AM","0xfbb1b73c4f0bda4f67dca266ce6ef42f520fbb98","0x017e0e851c74e17228a2f96c870b5995aaafd2b5","1007.85195304"
"0xcd874e7f751a7787cf54ebce95a7a9489000ad62e69568834c202cfa872739f0","4061122","1500790756","7/23/2017 6:19:16 AM","0xfbb1b73c4f0bda4f67dca266ce6ef42f520fbb98","0x4b4863bf0299ea0bc161ee56b1ad20243792ad5d","1717.27330178"
"0x6b60b385b3dd21a569937b1aece33140493807fc6b9739c453f5823af11eea4e","4061125","1500790783","7/23/2017 6:19:43 AM","0xca2159c679067629b16e26cc00de59d799e08fbe","0xfbb1b73c4f0bda4f67dca266ce6ef42f520fbb98","21.50509522"
"0xd99137a250bde9840579d70e33707652989a4f96f86aab6fc0e4fab498911d64","4061129","1500790905","7/23/2017 6:21:45 AM","0xfbb1b73c4f0bda4f67dca266ce6ef42f520fbb98","0x4b4863bf0299ea0bc161ee56b1ad20243792ad5d","2297.63202809"
"0x7372e18a9bd78cce7e7c6bd67645c695e11c385ca06cffc1de158f3d16d3c199","4061130","1500790909","7/23/2017 6:21:49 AM","0xff0cb0351a356ad16987e5809a8daaaf34f5adbe","0x531ce1e3d2c0c835078d8246371c3259f5bb65c8","166000"
"0xf71daa702f70ae09e011e88646e11c682581868bd5998cf57d39d4f8945ac34d","4061133","1500790980","7/23/2017 6:23:00 AM","0xfbb1b73c4f0bda4f67dca266ce6ef42f520fbb98","0x4b4863bf0299ea0bc161ee56b1ad20243792ad5d","2534.81156375"
"0x22b5654639794f9f87276fb1a6b0fbaa7c95331565947b5e582440bcff04438a","4061133","1500790980","7/23/2017 6:23:00 AM","0xfbb1b73c4f0bda4f67dca266ce6ef42f520fbb98","0x943b06853e6c96c8cfd27a8685809adcb5cc8fb6","2540.11592846"
"0xd17d893096b0319b8a0878844346aaf35bfca31bdf423b7996706f2ef31490f9","4061134","1500791053","7/23/2017 6:24:13 AM","0x8737305011408648c0c2fc6ff831d566fbaac483","0x470d87fe317af50486a4f1e0a894c515c9b21553","23.928"
"0xb58e5c7b0d8ff551882c00d47bca72a3dc56c6403159334e811b7b5c1fe59c99","4061136","1500791098","7/23/2017 6:24:58 AM","0xfbb1b73c4f0bda4f67dca266ce6ef42f520fbb98","0xe6bed9e868c4c65682ac79e1af5903fec1f68240","3036.478"
"0x39aece9c85cff55a9b686797cf83787f5fba3ca27d0f8b98e5f611ad82357133","4061138","1500791157","7/23/2017 6:25:57 AM","0x4b4863bf0299ea0bc161ee56b1ad20243792ad5d","0x8737305011408648c0c2fc6ff831d566fbaac483","6549.71689362"
"0x3b6d5b47c7a6bfda445b7d3a433fa66f98078c53966c9c00726633cb5112f20b","4061138","1500791157","7/23/2017 6:25:57 AM","0x017e0e851c74e17228a2f96c870b5995aaafd2b5","0x8737305011408648c0c2fc6ff831d566fbaac483","1007.85195304"
"0x9f166f1bbe9134d18d3b6ecc088c4842f464c42ca5feb4c9330e61c43c7c5954","4061144","1500791269","7/23/2017 6:27:49 AM","0xfbb1b73c4f0bda4f67dca266ce6ef42f520fbb98","0x05c4a334a95f4e31bc8dd685a1b27b05818cbb2d","11909.39868147"
"0xbbfaa343ddb879943a6c4405ca98b776823dd8b2647f9f8a67c46848d9de9aa3","4061149","1500791315","7/23/2017 6:28:35 AM","0x470d87fe317af50486a4f1e0a894c515c9b21553","0xfbb1b73c4f0bda4f67dca266ce6ef42f520fbb98","23.928"
"0x1ab42933bcfb2d57d5998b5ba95bb355dd3932e7b699eb390434c93304275ca2","4061150","1500791366","7/23/2017 6:29:26 AM","0x943b06853e6c96c8cfd27a8685809adcb5cc8fb6","0x8737305011408648c0c2fc6ff831d566fbaac483","2540.11592846"
"0x7a88b82e3ac152b0409f365bc1e32703e87a42f9c8c3e2646dcd730fca879461","4061150","1500791366","7/23/2017 6:29:26 AM","0x8737305011408648c0c2fc6ff831d566fbaac483","0xdc335f538d53d40bbe9599dce4ff7945a593d018","100.993109"
"0xc0f43906eff4310e940eeb093dfc4f94a77ec2b34685f9a81465be50d117caa6","4061150","1500791366","7/23/2017 6:29:26 AM","0x8737305011408648c0c2fc6ff831d566fbaac483","0x60b4bf902e31c48fd3e3aed35a321381ae5693db","8433.623"
"0xc326ef5554c7789abf6fdc5d079ab270843c264e391bf451197389b48dc0452f","4061154","1500791433","7/23/2017 6:30:33 AM","0xe6bed9e868c4c65682ac79e1af5903fec1f68240","0x8737305011408648c0c2fc6ff831d566fbaac483","3036.478"
"0x7b48e6c01992c6e83d200c9e07634f488238ce1c64ffa2ca13cd8d20fa56496e","4061157","1500791520","7/23/2017 6:32:00 AM","0x1151314c646ce4e0efd76d1af4760ae66a9fe30f","0xd0a0f876f34c16b335c2c1743d7655691cd246a8","23.882"
"0x62704b8845021e11882565740362acced479187074e4063708e7f3b31c420b4a","4061163","1500791652","7/23/2017 6:34:12 AM","0x05c4a334a95f4e31bc8dd685a1b27b05818cbb2d","0x8737305011408648c0c2fc6ff831d566fbaac483","11909.39868147"
"0x5246c5697a4acd41e859ddd800299a3d18d7a9e4b89fbe233204df9067de9e2c","4061182","1500791960","7/23/2017 6:39:20 AM","0xfbb1b73c4f0bda4f67dca266ce6ef42f520fbb98","0x69ec5f9ad51e4152018eb2751b65355553358b58","7514.78856544"
"0x787d19379efaa6b83584fe71361e52bedeea42da21e00ac3a9dfce42c72cc907","4061186","1500792050","7/23/2017 6:40:50 AM","0x8d12a197cb00d4747a1fe03395095ce2a5cc6819","0xbd61062ceed7aafa874ebf6e2d26ebcb9a536d49","353.372943727108"
"0x48423c3bc41f840330f1e139ccea34ceb639c4fb61ad00df673e092696256757","4061199","1500792218","7/23/2017 6:43:38 AM","0x69ec5f9ad51e4152018eb2751b65355553358b58","0x8737305011408648c0c2fc6ff831d566fbaac483","7514.78856544"
"0xdd8ba557bc7c4336abe23bbe1ad67ec1d3c27a6e94e21614714583abca44448a","4061200","1500792230","7/23/2017 6:43:50 AM","0xbd61062ceed7aafa874ebf6e2d26ebcb9a536d49","0x0cde2be2239f080e1bad314b7c7c92d4f879a725","353.372943727108"
"0xce4c41328be35205b6a5594c71401dac1df21df0e3c58dee4c7078daf4490ebd","4061211","1500792427","7/23/2017 6:47:07 AM","0xfbb1b73c4f0bda4f67dca266ce6ef42f520fbb98","0xf20c1b76e6d4ce432dcbc11d78d3c7c2f9d71b17","6753.08"
"0xd82c91c99762c1240cffe486200a3b18293d3986e7e866beba2d0aadbca8053a","4061211","1500792427","7/23/2017 6:47:07 AM","0xfbb1b73c4f0bda4f67dca266ce6ef42f520fbb98","0xafe1736544e4b5dfce608db3a4278a313b7da2d1","0.99"
"0x99b385fd729eadcd82813e163f9b31b7a9432fb92694f8553b879a9e7b5d5a4f","4061211","1500792427","7/23/2017 6:47:07 AM","0xfbb1b73c4f0bda4f67dca266ce6ef42f520fbb98","0xe922ce88767feb503458496b61fd1127f7f6087f","15700.99613684"
"0xec836610381ae87220a281647ea9110c85a158a0ee6500a4ce5c21f112b4d3b6","4061219","1500792574","7/23/2017 6:49:34 AM","0xfbb1b73c4f0bda4f67dca266ce6ef42f520fbb98","0xc093aa48fc1cc37ee8ace9c24fa02ac1c375c585","0.99"
"0xd6c8c087162cd9318f0bc13b679c2d953df540eca060bb4d5d3698b5806d59fc","4061222","1500792653","7/23/2017 6:50:53 AM","0x4fa3ebaafddb6d185294f2772c4dfb648488451c","0xd98f59bb55ecd61540bd405a93358d5e1ce0dc7c","94.71934473"
"0xb854538301cde75110c002d392752d975301c3329c49fa2fc557dbf1fa3155b0","4061224","1500792691","7/23/2017 6:51:31 AM","0xfbb1b73c4f0bda4f67dca266ce6ef42f520fbb98","0xafe1736544e4b5dfce608db3a4278a313b7da2d1","1217.13532503"
"0x88cbd69bc12b788ec651c63d7a04222214ea1613c3818b6a92f1b6039b249cae","4061224","1500792691","7/23/2017 6:51:31 AM","0xfbb1b73c4f0bda4f67dca266ce6ef42f520fbb98","0x4b4863bf0299ea0bc161ee56b1ad20243792ad5d","3190.32370559"
"0x2b96f9292d961414af473fda2a7783fdab3f6f9f5a25ee6116019757953809e4","4061224","1500792691","7/23/2017 6:51:31 AM","0xfbb1b73c4f0bda4f67dca266ce6ef42f520fbb98","0xc093aa48fc1cc37ee8ace9c24fa02ac1c375c585","89.00387191"
"0x6106f3caf6ff7b4890ba735a437d83150796242242d78d03a09130ee1beaf633","4061227","1500792733","7/23/2017 6:52:13 AM","0x8737305011408648c0c2fc6ff831d566fbaac483","0xd59691e03b9a27e7848659f611b47a3aa16ec0a9","865.7547206"
"0xbcd22b491071911ce060dfc6e53aa9eabd5d09757045f809513190bce50cc730","4061228","1500792748","7/23/2017 6:52:28 AM","0xe922ce88767feb503458496b61fd1127f7f6087f","0x8737305011408648c0c2fc6ff831d566fbaac483","15700.99613684"
"0x0177ecfd7bf05a343bce220d9c9132e259b77ba14ddeb1a73056d0abe5a45ecc","4061228","1500792748","7/23/2017 6:52:28 AM","0xf20c1b76e6d4ce432dcbc11d78d3c7c2f9d71b17","0x8737305011408648c0c2fc6ff831d566fbaac483","6753.08"
"0x4e49c407f8090fee5f270c50070ccb2ccac41dc156d22fc58da93a59a562d2b3","4061230","1500792791","7/23/2017 6:53:11 AM","0xfbb1b73c4f0bda4f67dca266ce6ef42f520fbb98","0xaff388cf934d223401568bf558f44161e6474914","1173.99"
"0x09ccfbfe1e713ca964a335708c1c8f8de4cf193798102fee565aed94511dfe7d","4061230","1500792791","7/23/2017 6:53:11 AM","0x706f4de066dffd88a14910df462fe27ef0480378","0xd73b3e6579c5ea79135473548b5c7ee760c88b32","20000"
"0x110c2cf4061e34ced46cde0434268bc88b9b688c9b1aaf9bc5d4ee214843caf8","4061231","1500792813","7/23/2017 6:53:33 AM","0xd98f59bb55ecd61540bd405a93358d5e1ce0dc7c","0xfbb1b73c4f0bda4f67dca266ce6ef42f520fbb98","94.71934473"
"0x78742aa015994194c874953de8227e048de6ccf2face1ea106b7054347f63544","4061231","1500792813","7/23/2017 6:53:33 AM","0x2ebb507b1da5b2619515d542a8af27b0747a6bc2","0xd59691e03b9a27e7848659f611b47a3aa16ec0a9","1158.4185"
"0xfeed33c77f071b5add9e09649ef7bfeb995318132cf28ddad31f1367d0fca63e","4061233","1500792841","7/23/2017 6:54:01 AM","0x8d12a197cb00d4747a1fe03395095ce2a5cc6819","0xb0d2ce3e2bfbc1a47dbfe5b3eef5335284dfeb49","150"
"0x033c1cb9dc236b54e5796c00a2d321b600ed447baefb101a57fedeff0bb0597a","4061237","1500793036","7/23/2017 6:57:16 AM","0x2852e91ad4ea097befd4baceae1a989e1001c65e","0x1b67852bc51dac32b1f5c6fd0448e6a32b70bbca","10000"
"0xed3a133e34d655ad33b2338787a03d05382a4d3633a2274a802f7a75e126b85c","4061237","1500793036","7/23/2017 6:57:16 AM","0xe2bb2a43fccfdc868e82a304e28660a022ea5078","0x74c0d6a82ce9a7ba4e2ce383da25532a55f04820","59999.9999"
"0xdb1ba11f5cd0e91c104dc2dd11d11aa63706fa7ebea8aa827f46c80502fad5c6","4061237","1500793036","7/23/2017 6:57:16 AM","0xcddd01fd4b10f012abce5a328fc04e2729e13e2e","0xabec7237320ebcc8e03715b5bf68146c9f6883e7","1"
"0x1389e8b3434aa1c959dbae53fc70cb12cb59591f8d5f9fd130869cc7fd81ed13","4061238","1500793043","7/23/2017 6:57:23 AM","0xfbb1b73c4f0bda4f67dca266ce6ef42f520fbb98","0x017e0e851c74e17228a2f96c870b5995aaafd2b5","99.73655989"
"0xabf1491594558a879b36d6d39a7f4223505205c769b1f17c3b4d46658dda4069","4061241","1500793103","7/23/2017 6:58:23 AM","0x4b4863bf0299ea0bc161ee56b1ad20243792ad5d","0x8737305011408648c0c2fc6ff831d566fbaac483","3190.32370559"
"0x2974ed70884a07f57904382ad577cc4f29fe3264c9ceab69235588d9213a5895","4061245","1500793160","7/23/2017 6:59:20 AM","0xfbb1b73c4f0bda4f67dca266ce6ef42f520fbb98","0x017e0e851c74e17228a2f96c870b5995aaafd2b5","855.46480581"
"0x85dce68251e7d97561a4236b37ea1226f46218485d3babf74abcf4f12ca46a4d","4061246","1500793178","7/23/2017 6:59:38 AM","0x74c0d6a82ce9a7ba4e2ce383da25532a55f04820","0x1151314c646ce4e0efd76d1af4760ae66a9fe30f","59999.9999"
"0x4602adf3f85703cd2321816520f2a96f4f441bb0f843763857f2adbe45cd4b06","4061246","1500793178","7/23/2017 6:59:38 AM","0xaff388cf934d223401568bf558f44161e6474914","0x8737305011408648c0c2fc6ff831d566fbaac483","1173.99"
"0x1589980b49b4ad4ed41928c34a5c659fca778e686774b19faa5b9d235d57d31f","4061253","1500793220","7/23/2017 7:00:20 AM","0x017e0e851c74e17228a2f96c870b5995aaafd2b5","0x8737305011408648c0c2fc6ff831d566fbaac483","955.2013657"
"0x5dc9c32c362ca9ed708e2ab85ed66ba30ff4fd3430e35f7f8b8e0c8d03150599","4061260","1500793298","7/23/2017 7:01:38 AM","0xfbb1b73c4f0bda4f67dca266ce6ef42f520fbb98","0xf20c1b76e6d4ce432dcbc11d78d3c7c2f9d71b17","3855.377"
"0xb0e30cf29d25e3c8659d4182031edb21f485471663d00dbb86b88736599f27d1","4061261","1500793328","7/23/2017 7:02:08 AM","0x1151314c646ce4e0efd76d1af4760ae66a9fe30f","0x2d88eba8662e0b56928e78ecf718398d65fb97dc","20157.17615"
"0xa24ef4a5141bc5f31e02a0f0a05f40aa8d887936f11d4b961655c32f6727cdac","4061261","1500793328","7/23/2017 7:02:08 AM","0x1151314c646ce4e0efd76d1af4760ae66a9fe30f","0x5e3bdf29398780a701710a29cc453019b88af4e3","12818"
"0x4f4fe614d739161d1b8a785c3ad92e3907af4a9ea25cb38b0964494e4b67a62e","4061261","1500793328","7/23/2017 7:02:08 AM","0x1151314c646ce4e0efd76d1af4760ae66a9fe30f","0x8f81085f33f91379b01069e64896a841f555ae8f","15689.45083464"
"0x8189c1e99f988b9670ed8e028544f4e7e0256ac5d15c11e6ad9d49098d057d0d","4061261","1500793328","7/23/2017 7:02:08 AM","0x1151314c646ce4e0efd76d1af4760ae66a9fe30f","0x3c154d6a5f53e66085ce1d7c26f23aeb6d6b18ac","7347.9"
"0x74943bde127b812167bb1e5c128975ed17c778a1371783ff77aefda395b1ecd2","4061262","1500793432","7/23/2017 7:03:52 AM","0x8737305011408648c0c2fc6ff831d566fbaac483","0xd3512ac47617ed8d5d2940bbead370fcffa91455","2991"
"0x09d11944d42762067e89d86327112bc6e216ba7da2c9c25f0a2c9f86c94ba5b2","4061262","1500793432","7/23/2017 7:03:52 AM","0x8737305011408648c0c2fc6ff831d566fbaac483","0xedb006a0ff95c85a1512e70f002d7ba7c37046ed","1172.472"
"0xde92b807953c8e83179055793a7af4971ed770a9cb1996435feef791fc9e276f","4061262","1500793432","7/23/2017 7:03:52 AM","0x1151314c646ce4e0efd76d1af4760ae66a9fe30f","0xd84c83e5719e72b5c827490db4e875f8ca5a83bd","3999.9"
"0x89285f685e28a03509828b32e16c97934edb5634ea233d4b0014401ce61a3845","4061262","1500793432","7/23/2017 7:03:52 AM","0x8737305011408648c0c2fc6ff831d566fbaac483","0xd3512ac47617ed8d5d2940bbead370fcffa91455","1994"
"0xb427d304e2356d70613fabd3485811f7d4f41e005950aa8769cf5bf0fb44b23f","4061263","1500793449","7/23/2017 7:04:09 AM","0xfbb1b73c4f0bda4f67dca266ce6ef42f520fbb98","0x8047c5218b31b6ee7caa1e08b87941f0c929a5b8","8640.25273953"
"0x229d91e8effd769740e8cb8d7bd861980fbd6412e82f57be097df6814decab26","4061265","1500793477","7/23/2017 7:04:37 AM","0x8737305011408648c0c2fc6ff831d566fbaac483","0xcd23f263943d1f1102a73795c6996fdb5a00ac02","390.7790353"
"0xb24abad24a4d1d5763b660876d310c5cb2aef8712c95aafe88996bc0ebeff8f4","4061267","1500793536","7/23/2017 7:05:36 AM","0xfbb1b73c4f0bda4f67dca266ce6ef42f520fbb98","0x4b4863bf0299ea0bc161ee56b1ad20243792ad5d","3190.312205"
"0x1f1a53c158287bafe08414b02845b02fe7eb73b157a49a83ed37340827895b90","4061271","1500793606","7/23/2017 7:06:46 AM","0xc8f25a5271a16d2e3efc57407106968af9eff940","0xdf484844bab3f752a0b1e63faaa3e5852b9674e7","270.326"
"0x4e28fd4e9437ee3b56a03e697fd6688e761d07576f608e0fbdb10e19f5e49ee9","4061271","1500793606","7/23/2017 7:06:46 AM","0x2ebb507b1da5b2619515d542a8af27b0747a6bc2","0xbbc0516e88e6b613d49fde3241ce8f5183bb2b43","7357.745"
"0x1183f2deff6bee2b40bfef32c54d93ea2c832e8aa5e83935bad5af47d03efd6b","4061271","1500793606","7/23/2017 7:06:46 AM","0x8f81085f33f91379b01069e64896a841f555ae8f","0xfbb1b73c4f0bda4f67dca266ce6ef42f520fbb98","15689.45083464"
"0x2d7aea0428f92c24ad30401aa25a3306c6c80e7886a2b0cdc5c1064c40c618b9","4061274","1500793698","7/23/2017 7:08:18 AM","0xfbb1b73c4f0bda4f67dca266ce6ef42f520fbb98","0x7ed424d52bf6feb481a3fe5dd708578410bc139a","500"
"0x3b4e078ea91bb8bfd8e50a1e9028bd8a66fee962fd6af50d340dd09cffb6efaa","4061276","1500793746","7/23/2017 7:09:06 AM","0xdf484844bab3f752a0b1e63faaa3e5852b9674e7","0xfbb1b73c4f0bda4f67dca266ce6ef42f520fbb98","270.326"
"0xc9d6049d862b4b87c8e8b3cb77412f3e77cdee673f843839eb124c003455e277","4061276","1500793746","7/23/2017 7:09:06 AM","0xb0d2ce3e2bfbc1a47dbfe5b3eef5335284dfeb49","0x8d12a197cb00d4747a1fe03395095ce2a5cc6819","100"
"0x2667ff0f8d7f4d64c0ac7bdb2c41da9b0b4e1e94ae8c7c80626ce90247085871","4061277","1500793760","7/23/2017 7:09:20 AM","0xf20c1b76e6d4ce432dcbc11d78d3c7c2f9d71b17","0x8737305011408648c0c2fc6ff831d566fbaac483","3855.377"
"0x15079d18f0dfddd174301dad6de4ce4635df11f1295ebac78d7a48eb67a883dd","4061278","1500793766","7/23/2017 7:09:26 AM","0xd84c83e5719e72b5c827490db4e875f8ca5a83bd","0x8737305011408648c0c2fc6ff831d566fbaac483","3999.9"
"0xcc680e8a77fa7de3f5991f4bbf4e49ae3e6793407e6bc8f50d021d167c71fca6","4061283","1500793839","7/23/2017 7:10:39 AM","0x8047c5218b31b6ee7caa1e08b87941f0c929a5b8","0x8737305011408648c0c2fc6ff831d566fbaac483","8640.25273953"
"0xc0381879bbfc0da94746a76de2388185bc1c4b64374a091a590d5fb589c81062","4061283","1500793839","7/23/2017 7:10:39 AM","0x4b4863bf0299ea0bc161ee56b1ad20243792ad5d","0x8737305011408648c0c2fc6ff831d566fbaac483","3190.312205"
"0x0706434d5199f5c960a6805bbb5fcc48682ad91ff8bb7b372ad05b44067eb24f","4061288","1500793955","7/23/2017 7:12:35 AM","0x057c62404e3182ed9989a33a52f89b6ccf88b533","0xa22bb8d53225886054a418bb01b2519815edc8f3","1196.59"
"0xd4230f040171e86e7ecf74f6b82ce19fe23b9075ca67bda1ee519bd12be553c3","4061288","1500793955","7/23/2017 7:12:35 AM","0x5e575279bf9f4acf0a130c186861454247394c06","0x02cd8569e43303d6c3be52796ac8b575eb19179f","8260.28986925"
"0xc167cc7c551baa9039b8238f3f469b2fda60b86476209c073afd977ad3f50143","4061296","1500794084","7/23/2017 7:14:44 AM","0x8737305011408648c0c2fc6ff831d566fbaac483","0x60a716b46564cb5c41548226b50eb542c838ad32","22191.121315"
"0x3d8148a20bd87839613bdc0fab6db398b2c7d09fe2fcf5175c8d7b2eb96f05fe","4061296","1500794084","7/23/2017 7:14:44 AM","0x02cd8569e43303d6c3be52796ac8b575eb19179f","0xfbb1b73c4f0bda4f67dca266ce6ef42f520fbb98","8260.28986925"
"0xd6e2398e06263257b1f11d7527de6b530860ecb01e1bccd6211773bb3e7b65f2","4061302","1500794128","7/23/2017 7:15:28 AM","0xfbb1b73c4f0bda4f67dca266ce6ef42f520fbb98","0x6a1c5f45356f9d793469bee133068dadfe60c9f5","54.99"
"0xe3600f76fa88ba8530258a145f98780c4fec1bbcf5d0a1ccacfcba34966ffd2d","4061304","1500794197","7/23/2017 7:16:37 AM","0x4fa3ebaafddb6d185294f2772c4dfb648488451c","0xd98f59bb55ecd61540bd405a93358d5e1ce0dc7c","497.20790763"
"0x9e28458cc53313ef1e4a1aa65d751a9679b4973fcad5a2593b2f64e9362536b4","4061310","1500794313","7/23/2017 7:18:33 AM","0x6a1c5f45356f9d793469bee133068dadfe60c9f5","0x8d12a197cb00d4747a1fe03395095ce2a5cc6819","54.99"
"0x09aad609687e02a2b97458e17f951853412f6dfdf59e97cf2d1f12c16cf5a648","4061315","1500794377","7/23/2017 7:19:37 AM","0xd98f59bb55ecd61540bd405a93358d5e1ce0dc7c","0xfbb1b73c4f0bda4f67dca266ce6ef42f520fbb98","497.20790763"
"0x6fab7138963b5c9a68bba750179ba3bc28025e5e1c9deacc98b3155528c3b10a","4061322","1500794486","7/23/2017 7:21:26 AM","0xfbb1b73c4f0bda4f67dca266ce6ef42f520fbb98","0x89fdb18a46f0f132a68e1d68878f3a00bed53212","1487.00671742"
"0x5847ced66b4f98045e301c4592a9dbf3759765f4a1955228cdf5a2040be58951","4061331","1500794586","7/23/2017 7:23:06 AM","0x2ebb507b1da5b2619515d542a8af27b0747a6bc2","0x9be37695d23ee75e4362345387b8d1cf6cb46051","285"
"0x3771a28bf10261c3c8797c106a313f246554d0cf35d89b1286c707215a207e76","4061376","1500795430","7/23/2017 7:37:10 AM","0xe8fa093e9261047ddb8e4c8d8a16b3b21a3853da","0xba8eb42cca99f1fc356bc267770897cb2c2affa4","2000"
"0x35546b2ecf98c37743548dbdab63e2708cd002b2639806dd7a776684165c335f","4061379","1500795466","7/23/2017 7:37:46 AM","0x1151314c646ce4e0efd76d1af4760ae66a9fe30f","0xd357ecb38f5f86ba3cef05b2b8b269e44174e3cf","4.9"
"0xab7e5d5baa07ee3a4535d946d1c2bf7797e9f45b4b5a4ec043d26fefbf0f7768","4061399","1500795841","7/23/2017 7:44:01 AM","0xdd881369a96b71ea2a992dd589f8c0f9a704f0a4","0xbcaf75c7c20bc84353be1167b8f1e1ead3411c41","10000"
"0x0441b872b381a7a8e87001390e9085d3a12c83247982887f47d93c46ee7d3a77","4061400","1500795878","7/23/2017 7:44:38 AM","0xba8eb42cca99f1fc356bc267770897cb2c2affa4","0x8737305011408648c0c2fc6ff831d566fbaac483","2000"
"0xaa1cc9bb80dcebc0362b0f22530f30af2015d0af0c5351677427db5781f51181","4061408","1500796079","7/23/2017 7:47:59 AM","0xce9450f366bb61874f90484d05f30cc44c1d72dd","0x9be37695d23ee75e4362345387b8d1cf6cb46051","20000"
"0x9ffa327d26246219a38c23bddf2b64d3fed3b95c82ef333c962f5349f6571f7d","4061429","1500796425","7/23/2017 7:53:45 AM","0xfbb1b73c4f0bda4f67dca266ce6ef42f520fbb98","0x4209c9ea64fb4fa437eb950b3839a43c99d96c06","25028.94153751"
"0x51ea3a50f754778aec8ec5ff9c31048fd6e363f09d233ec84399ce681932811d","4061433","1500796606","7/23/2017 7:56:46 AM","0x8737305011408648c0c2fc6ff831d566fbaac483","0xef73148bdb8b4257a174c29576f95e0a8787ce37","995.006"
"0xb5dfff8a54312e460421bb6f8002be00e95d1328cdcaee7ef187b1f4cbf28f3f","4061433","1500796606","7/23/2017 7:56:46 AM","0x5e575279bf9f4acf0a130c186861454247394c06","0xfacc8a005fd673fbca9f3c91f1a4784ce92452d9","914"
"0x5fe60c6c29acd7de14aae078a02238d648807245420ea01b38647cd16752a1c4","4061438","1500796719","7/23/2017 7:58:39 AM","0xfbb1b73c4f0bda4f67dca266ce6ef42f520fbb98","0x003a6df5ac6edec6b194a464dc399e7e72b932b8","310"
"0x1736a46a15ef44248162e5123d977b69e7fb7ba011a3ea2587bd173d7c0dbd3c","4061440","1500796775","7/23/2017 7:59:35 AM","0xc8f25a5271a16d2e3efc57407106968af9eff940","0xdf484844bab3f752a0b1e63faaa3e5852b9674e7","700"
"0xc91d0cb96686fe1b46ef33cbe724e183f740a7fb9cf684d8ee5fe3dca77a1d98","4061445","1500796923","7/23/2017 8:02:03 AM","0x4d9daa6433c921a63f8e8b29ef59ca68328e9620","0xd98f59bb55ecd61540bd405a93358d5e1ce0dc7c","139.99"
"0xa47d4424bba54a487ac571e9920d7d3450dd3c06660c292d4cd62f596868275c","4061446","1500796972","7/23/2017 8:02:52 AM","0xdf484844bab3f752a0b1e63faaa3e5852b9674e7","0xfbb1b73c4f0bda4f67dca266ce6ef42f520fbb98","700"
"0x2f269e50e3507a71760759f677978525b4050bb48b3548114af582e8cc120cc4","4061459","1500797111","7/23/2017 8:05:11 AM","0xd98f59bb55ecd61540bd405a93358d5e1ce0dc7c","0xfbb1b73c4f0bda4f67dca266ce6ef42f520fbb98","139.99"
"0xa4b70ad9edd944a706eede3a7259547145b4630e0589912c3eb01db578df0e19","4061462","1500797156","7/23/2017 8:05:56 AM","0xef73148bdb8b4257a174c29576f95e0a8787ce37","0x5de5f06a65971627fead7e203d256db0cbf94fa1","147.1"
"0x67690e3fe1964b6e8d34614ce868816f9e6291eff04332fdd8e13d544c42b6f7","4061478","1500797407","7/23/2017 8:10:07 AM","0xfbb1b73c4f0bda4f67dca266ce6ef42f520fbb98","0x1efe182ddb9b82bfb3afa3614ed28e20232b8730","799.9240093"
"0x0b986f366500dde7091bbe77df3daa1afb78d9a86c6410cf2b0818aaeeb1c1c4","4061479","1500797448","7/23/2017 8:10:48 AM","0xc95478a73cf256f8bf2fc122d03e609ed81403c7","0xad1375d22ef3eb76338feed9999c9bb25dc55bee","5000"
"0xe99b23d8450627341abf1bc8c79b3c76ef16200ac61310642f8eaf179aa31cc6","4061492","1500797645","7/23/2017 8:14:05 AM","0x1efe182ddb9b82bfb3afa3614ed28e20232b8730","0x5e575279bf9f4acf0a130c186861454247394c06","799.9240093"
"0x2fbaac3dfc38b2bc032f8d02d6900c56b61a40980363380bcc8f60423fa6c69b","4061492","1500797645","7/23/2017 8:14:05 AM","0xfbb1b73c4f0bda4f67dca266ce6ef42f520fbb98","0x21cf92a217eaa5818eafd9cf26c1c1f615f0e121","764.30958508"
"0x5782002aadf73b90d3eb5f883dfa6dc8a801be3d8211248997c190eef1016082","4061499","1500797779","7/23/2017 8:16:19 AM","0xf07b1057cf895a8700228afefc74b153dc9063cd","0x025107701002b084ff9f3954a8510a7a4de63b61","1"
"0x4f4cbe290719eaa119f9e792ef37b234af560376f0cc94a5f55d852a1c00f6f3","4061502","1500797872","7/23/2017 8:17:52 AM","0xfbb1b73c4f0bda4f67dca266ce6ef42f520fbb98","0x07cc6be63f46e67a19028d7a8ab50e93268abbbe","0.99"
"0xeba64a46e3e030ba26d48cb595cd2fcae50088e93d4ba7a938366c6dbc36c874","4061506","1500798021","7/23/2017 8:20:21 AM","0x8737305011408648c0c2fc6ff831d566fbaac483","0xdcb5aff96dfd0775e345d9294abdb63d5da97b59","800000"
"0xc277a88f81cc3281cdb8357fcba60153c847283e3dfd1acb95cc5545cd4108c7","4061510","1500798077","7/23/2017 8:21:17 AM","0xf4b51b14b9ee30dc37ec970b50a486f37686e2a8","0x1151314c646ce4e0efd76d1af4760ae66a9fe30f","300000"
"0x68451e3c24ab2a4f2d18e3f1e8895a1acd8e0d4d8fb23a086be6ba1e29e9f553","4061522","1500798244","7/23/2017 8:24:04 AM","0x1151314c646ce4e0efd76d1af4760ae66a9fe30f","0xd357ecb38f5f86ba3cef05b2b8b269e44174e3cf","96830.32"
"0xf1f849b1e758344a12acec88f1232871fe72e589616828e56370e8ad8620ba87","4061522","1500798244","7/23/2017 8:24:04 AM","0x1151314c646ce4e0efd76d1af4760ae66a9fe30f","0xedd8c505c808144f3fcace181cbc26f796b86b8d","71095.8"
"0xe23511cafc861db10d9d5b398dc6b9475a0d03a562df680f36c86e1f07800d28","4061522","1500798244","7/23/2017 8:24:04 AM","0x1151314c646ce4e0efd76d1af4760ae66a9fe30f","0x8f81085f33f91379b01069e64896a841f555ae8f","10031.19721048"
"0x14230f3f4d53bdd6e0c4092baa8a1d3c9e4c3203eda50b44325f1121609aa935","4061522","1500798244","7/23/2017 8:24:04 AM","0x1151314c646ce4e0efd76d1af4760ae66a9fe30f","0x9f9165a00385e08837e69235a1acb4b91c22d1be","1698.5"
"0x5fa19a1e97b98087325552a5eb0a14f535c336bd6f916cb00b10f5639821f9c1","4061523","1500798294","7/23/2017 8:24:54 AM","0x1151314c646ce4e0efd76d1af4760ae66a9fe30f","0xa7a8182ae791cfdf3c134c21110cd4b4a3f2a935","1617.9"
"0x5117044625bd33d9c3b8ddf1bae219cf4f0d84b5995369f08babfca7a182514e","4061523","1500798294","7/23/2017 8:24:54 AM","0x1151314c646ce4e0efd76d1af4760ae66a9fe30f","0x740583715768d348f2f0e69c993b80ff50f110e3","1418.9"
"0x7ee28aed51be11241009f25272138cb54f4084f8cc08045d864480fc6e9af81a","4061523","1500798294","7/23/2017 8:24:54 AM","0x1151314c646ce4e0efd76d1af4760ae66a9fe30f","0x5cbfcd3fa8a283f8e76d907e934a37f800dd282a","1037.7109159"
"0x1217cf820e85cb5c75290f5228740ec0380b0d4bee230b7a9a5e850be18d8d78","4061523","1500798294","7/23/2017 8:24:54 AM","0x1151314c646ce4e0efd76d1af4760ae66a9fe30f","0x1069f365bb928e26040d6e5ec765f7ea112fa677","964.87"
"0x1cd13b458d8054d6e753f8136f6a392511a7f32087261fb966611690a16ccbcc","4061523","1500798294","7/23/2017 8:24:54 AM","0x1151314c646ce4e0efd76d1af4760ae66a9fe30f","0x3d07c77c3478592a1640a1ff41a83396e74b2b68","891.99268457"
"0x5722e9f70e4829cdef7dbe041d1f8a35463a948285672216606d41bd2417e84d","4061528","1500798345","7/23/2017 8:25:45 AM","0x1151314c646ce4e0efd76d1af4760ae66a9fe30f","0xe54862299a152e3affd7b00838d20e364568d842","825"
"0xb960c16c7efc70aa249b2c55f4c1cd2b0b710c94a2dd2bd70541fe4c3876c2b0","4061528","1500798345","7/23/2017 8:25:45 AM","0x1151314c646ce4e0efd76d1af4760ae66a9fe30f","0x528b3024b491a270ba388a5a219529b0a873a218","517.36"
"0x3176f94a0db82765d8d632783333cd17f744d2ca5cfe64b61b87ca9961437bb3","4061528","1500798345","7/23/2017 8:25:45 AM","0x1151314c646ce4e0efd76d1af4760ae66a9fe30f","0x2f6282f1038c6664ad7938facf48246a9184367c","416.5601887"
"0x7284726f9e0d9bea51a7c568af11a2b2f8270c45011077538121d5fabdaf6737","4061528","1500798345","7/23/2017 8:25:45 AM","0x1151314c646ce4e0efd76d1af4760ae66a9fe30f","0x5c9d7d54d059cbc1678dabe9efe750f46b032636","337.9"
"0xf08a2d2da435001d05ff3756b7f51e5e13504ae570184332640932c74fefab0f","4061528","1500798345","7/23/2017 8:25:45 AM","0x1151314c646ce4e0efd76d1af4760ae66a9fe30f","0x0a9c1bac443ce1557d0badf3785b13de94bc4f96","131.74697334"
"0x33bcc83a7f3c56fe014139bc2b19ad1ee82131d902b608581bb08d5937a06040","4061531","1500798410","7/23/2017 8:26:50 AM","0xedd8c505c808144f3fcace181cbc26f796b86b8d","0xfbb1b73c4f0bda4f67dca266ce6ef42f520fbb98","71095.8"
"0xad31c00e0eae6cb166ad19ebc0d2ed9a7dd830835f3abdfb67b3b2e7c7870a1f","4061531","1500798410","7/23/2017 8:26:50 AM","0x8f81085f33f91379b01069e64896a841f555ae8f","0xfbb1b73c4f0bda4f67dca266ce6ef42f520fbb98","10031.19721048"
"0xf327d24c765994067112667ab833cf3064fdbabb8fbc73f55528c973c4e9478d","4061531","1500798410","7/23/2017 8:26:50 AM","0x9f9165a00385e08837e69235a1acb4b91c22d1be","0xfbb1b73c4f0bda4f67dca266ce6ef42f520fbb98","1698.5"
"0x97e2fa3f172787f0f972139f61bf159a1ed940f66ac26712ef94cddd7e57a621","4061533","1500798493","7/23/2017 8:28:13 AM","0x5e575279bf9f4acf0a130c186861454247394c06","0xa94b7561f0aa463cfc11531835893dcbddeefcf7","1078.54838617"
"0x36a45b439c8f3d3cb023229f45c2a02bfeab1e995fc5cfcdeac56cf6e367e559","4061533","1500798493","7/23/2017 8:28:13 AM","0xfbb1b73c4f0bda4f67dca266ce6ef42f520fbb98","0x07cc6be63f46e67a19028d7a8ab50e93268abbbe","0.99"
"0x5b2568ce869681669ffd793bee58f94e174d1f5a4f9a948d3a444c3d3c751093","4061535","1500798528","7/23/2017 8:28:48 AM","0xfd1dc115a0d4b456c84e79743fb3e1cc89ef6bba","0xadbe654abeeaa69ac3fd5fd59d85c39333e87204","50000"
"0x7bffcf09fe5548d9444f3dab661853b730c6f85a495d943a8c66174709f73076","4061537","1500798568","7/23/2017 8:29:28 AM","0x8737305011408648c0c2fc6ff831d566fbaac483","0xbfbab90643dd765744e2242ff580b9a859728870","25.4235"
"0x45dab8b6232c025ac62157f99aed8e8d41b7de1aab7acea99179e180808b5088","4061537","1500798568","7/23/2017 8:29:28 AM","0x5cbfcd3fa8a283f8e76d907e934a37f800dd282a","0x5e575279bf9f4acf0a130c186861454247394c06","1037.7109159"
"0xfe9a47a052bbe377d9a1fa774960284add466be40a239bcdadfbf67f262e725d","4061537","1500798568","7/23/2017 8:29:28 AM","0x3d07c77c3478592a1640a1ff41a83396e74b2b68","0x5e575279bf9f4acf0a130c186861454247394c06","891.99268457"
"0x71a681ba2ed291a7af70964b3cf280e5f7ab64c01bda2250705d6d9fc2bba58f","4061539","1500798601","7/23/2017 8:30:01 AM","0x528b3024b491a270ba388a5a219529b0a873a218","0xfbb1b73c4f0bda4f67dca266ce6ef42f520fbb98","517.36"
"0xa390f0b20b1ddec17a7f8dce957ecc3c3ed793c953d5bd81f88109991f31a962","4061541","1500798619","7/23/2017 8:30:19 AM","0xa7a8182ae791cfdf3c134c21110cd4b4a3f2a935","0x8737305011408648c0c2fc6ff831d566fbaac483","1617.9"
"0x07df801cc9cd2e10ae59c8cd07cd4f1e356a018250d9b79636aaf769bbadaed9","4061542","1500798631","7/23/2017 8:30:31 AM","0x740583715768d348f2f0e69c993b80ff50f110e3","0x8737305011408648c0c2fc6ff831d566fbaac483","1418.9"
"0x9abf81300e69867e3e641b7a18e94a1258265e34f9348eb421a7a4b3bc9518c5","4061543","1500798643","7/23/2017 8:30:43 AM","0x1151314c646ce4e0efd76d1af4760ae66a9fe30f","0xe49e0235f3688cd2ceabd00836f5810d1c4384e1","356.5030686"
"0x7d7b6b5d051c26dda73c5d731fee855d3041dea30f040ddb2f3cc560398a15c8","4061543","1500798643","7/23/2017 8:30:43 AM","0x1069f365bb928e26040d6e5ec765f7ea112fa677","0x8737305011408648c0c2fc6ff831d566fbaac483","964.87"
"0x0487bda5e26331d4bdb95dd02772be4000adf3f91bbe8b62efadfcff9fd374c8","4061545","1500798677","7/23/2017 8:31:17 AM","0x2f6282f1038c6664ad7938facf48246a9184367c","0x5e575279bf9f4acf0a130c186861454247394c06","416.5601887"
"0xa35aee2df557bab1d1fa0b22163eaca3ce8d2a2f7dba715dfe3b8ccb1514a3f9","4061546","1500798709","7/23/2017 8:31:49 AM","0x5c9d7d54d059cbc1678dabe9efe750f46b032636","0x8737305011408648c0c2fc6ff831d566fbaac483","337.9"
"0x2245b062143b5aef3ae5f722eaf2581f93f15c3def066d74168efb78fcaeb67d","4061551","1500798822","7/23/2017 8:33:42 AM","0x8737305011408648c0c2fc6ff831d566fbaac483","0xd3512ac47617ed8d5d2940bbead370fcffa91455","1994"
"0x375835dec02615ab96d16f2ffbb6620456912081307608bfa4450764da3da205","4061551","1500798822","7/23/2017 8:33:42 AM","0xe49e0235f3688cd2ceabd00836f5810d1c4384e1","0xfbb1b73c4f0bda4f67dca266ce6ef42f520fbb98","356.5030686"
"0xd228716f3941bceb8224f21bb58915088cbfe12c65ff52947abe8f404d0563cc","4061553","1500798850","7/23/2017 8:34:10 AM","0xfbb1b73c4f0bda4f67dca266ce6ef42f520fbb98","0x07cc6be63f46e67a19028d7a8ab50e93268abbbe","1199.99"
"0x97df2ee69864f5c420a6bfc57d2f6c0d45269d2d73d28561bf321f8d55d61d47","4061553","1500798850","7/23/2017 8:34:10 AM","0xfbb1b73c4f0bda4f67dca266ce6ef42f520fbb98","0xedeed5ba5df9970ff97256d00860ddb3c9fa2d88","20.99"
"0x2ed9b869b710378fbe2cbbad80dc3208fb73adff7c92bea1c8583b0a827dbc01","4061553","1500798850","7/23/2017 8:34:10 AM","0xadbe654abeeaa69ac3fd5fd59d85c39333e87204","0x1151314c646ce4e0efd76d1af4760ae66a9fe30f","50000"
"0x41e5b1ce4501ff1eeea67f2b82036feabde7bb3b458d177d8c39ff966bf0ed6e","4061553","1500798850","7/23/2017 8:34:10 AM","0x8737305011408648c0c2fc6ff831d566fbaac483","0x1f036e4c35a222c8e03355c8e88d1be1efb9d7d1","1732.63379798"
"0xe89b74982a9576345e357816462a574b19214c62092687b06428c1a3415e36f9","4061555","1500798860","7/23/2017 8:34:20 AM","0x8737305011408648c0c2fc6ff831d566fbaac483","0x5dbc557f31216a8e3eca8a39367bd4ddcfd205d3","13502.11178"
"0xb86b1ce5a761f9e9dda9be796125605dae822f1073481fd455cce2c26a626f76","4061557","1500798889","7/23/2017 8:34:49 AM","0x2ebb507b1da5b2619515d542a8af27b0747a6bc2","0x91e93e427f6191a25e92e7780d42532ebf5c4ab6","3493"
"0x459b1608a44bae77526c2faeaabbe99632b5ac6e64266ad36d44139d46987291","4061559","1500798925","7/23/2017 8:35:25 AM","0x1bd39650266b94fde58a72c0e2bb17d85708d3af","0xb8f4a9ef93aaf2cf2eae5fa28832d832b18d243f","182.79754246"
"0xe144991c80a9beff00afa4c4f6d59b29b12e683b0ff15c85cd990e200c6608bd","4061560","1500798953","7/23/2017 8:35:53 AM","0xafe1736544e4b5dfce608db3a4278a313b7da2d1","0xe21f3da579fd658df67ea8a673cd2ea7300d94a5","1218.12532503"
"0xf318a9d96e924f25667c783ac4764efdbdc7b878b29593e5a29325be4a1a951a","4061561","1500798991","7/23/2017 8:36:31 AM","0x8737305011408648c0c2fc6ff831d566fbaac483","0xc97ccc2a0a13c335fc4e555b93e55c8a3c8474c0","1181.57957506"
"0xe01f7bbe9e54eee4612743d41d1c1f2db9dfe062a79387c5afeebdcbe8b688d4","4061565","1500799115","7/23/2017 8:38:35 AM","0xfbb1b73c4f0bda4f67dca266ce6ef42f520fbb98","0xabf50da595a879165953b2c8e920aaadfdb3772d","0.99"
"0xd62cf340f5479b418f36d7af221e39637293e4b7be0f1ddf466b2eb1c2232c32","4061565","1500799115","7/23/2017 8:38:35 AM","0xedeed5ba5df9970ff97256d00860ddb3c9fa2d88","0xfbb1b73c4f0bda4f67dca266ce6ef42f520fbb98","20.99"
"0xd288e6e853aff53978410ecc728d6bae518cafb596e8234e6095b840f0798a15","4061573","1500799240","7/23/2017 8:40:40 AM","0xfbb1b73c4f0bda4f67dca266ce6ef42f520fbb98","0x07cc6be63f46e67a19028d7a8ab50e93268abbbe","19.99"
"0xda61c50fb78d44e29697717c851d2b1393aa5be71abadaba67ae38d8691d2324","4061573","1500799240","7/23/2017 8:40:40 AM","0x91e93e427f6191a25e92e7780d42532ebf5c4ab6","0x1151314c646ce4e0efd76d1af4760ae66a9fe30f","3493"
"0x47a4f924c0b596a545e46fc2a6f7089813cac7b1048d9ba9adbb502713921ab7","4061573","1500799240","7/23/2017 8:40:40 AM","0xfbb1b73c4f0bda4f67dca266ce6ef42f520fbb98","0x09cc7db7655304df307590c98f0d82e36f43f058","2.99"
"0xc5dc1d0e694ebe0128e60e572ee7295069fb265017230b47b880847bb9a40923","4061575","1500799269","7/23/2017 8:41:09 AM","0x4d9daa6433c921a63f8e8b29ef59ca68328e9620","0xd98f59bb55ecd61540bd405a93358d5e1ce0dc7c","299.14031646"
"0x0168d01b9971b248f38b82d28f427adcffe165aea211435dcb6e8585f24c13e4","4061576","1500799323","7/23/2017 8:42:03 AM","0xb8f4a9ef93aaf2cf2eae5fa28832d832b18d243f","0xfbb1b73c4f0bda4f67dca266ce6ef42f520fbb98","182.79754246"
"0x24ffd8585ec6e37bb41875a818dca3af7e544c6595ecaf63129b71bda7f3a0ed","4061576","1500799323","7/23/2017 8:42:03 AM","0xe21f3da579fd658df67ea8a673cd2ea7300d94a5","0xfbb1b73c4f0bda4f67dca266ce6ef42f520fbb98","1218.12532503"
"0xef8866f19de01fa6904093e4578f0abbee7f730b71101e944922d638ba2fe054","4061585","1500799467","7/23/2017 8:44:27 AM","0xfbb1b73c4f0bda4f67dca266ce6ef42f520fbb98","0x09cc7db7655304df307590c98f0d82e36f43f058","710.85725541"
"0xc9a0526e0cd14947fca2d28d210e9a6209c0bd3151a9efe1664497e42bd9a864","4061586","1500799480","7/23/2017 8:44:40 AM","0x1151314c646ce4e0efd76d1af4760ae66a9fe30f","0x8f81085f33f91379b01069e64896a841f555ae8f","3846.86111795"
"0x268ad488e45568cadc20a7ddf350d3c6507b383e5f8725327f6c9fad5e297d9e","4061587","1500799499","7/23/2017 8:44:59 AM","0xd98f59bb55ecd61540bd405a93358d5e1ce0dc7c","0xfbb1b73c4f0bda4f67dca266ce6ef42f520fbb98","299.14031646"
"0x59818ab560e1e5e5a0b19d78d26cb15d314a7bec510760d309b84116e7357cb9","4061592","1500799568","7/23/2017 8:46:08 AM","0x5dbc557f31216a8e3eca8a39367bd4ddcfd205d3","0x99c3330681a9bbbc33d5192b277a01c78b79d81f","255"
"0xadd5f70b7df18ee956bc63647db1e614368471f438d70f10c7215982f7b05c6e","4061599","1500799657","7/23/2017 8:47:37 AM","0x8f81085f33f91379b01069e64896a841f555ae8f","0xfbb1b73c4f0bda4f67dca266ce6ef42f520fbb98","3846.86111795"
"0xf5b85a930f157aecee61775047009afcfb82e81374e640c8d6256ba2fd188237","4061601","1500799720","7/23/2017 8:48:40 AM","0xfbb1b73c4f0bda4f67dca266ce6ef42f520fbb98","0xbae7245e02ec0e1ab94a881e030de0fcc676abd4","2420.69632898"
"0x47ed0103d9957f1024b02598c7ab44cd613a907188eeb46e0147e6013cc9c679","4061603","1500799803","7/23/2017 8:50:03 AM","0x1151314c646ce4e0efd76d1af4760ae66a9fe30f","0x8f81085f33f91379b01069e64896a841f555ae8f","2460.93096094"
"0xfed3f3d5b47985fefee5713ef2ebb2c3d2f08d515cda2114ebb7d374343cb2ee","4061603","1500799803","7/23/2017 8:50:03 AM","0x8737305011408648c0c2fc6ff831d566fbaac483","0x75180d6637d901084cfccfce42bd64c5dc082d71","24.925"
"0x3f2eb423171ad93bf6809c01a67a25c0623853a789e548e675e14d1504d9e1df","4061604","1500799807","7/23/2017 8:50:07 AM","0xe8f7355a17fc67219fd6d15fc9ffd5662977957b","0x8d12a197cb00d4747a1fe03395095ce2a5cc6819","1000"
"0x478df708392d9acd03623199bf87db6d1a5cf3ea21ded6d4fccb158614aca3fd","4061604","1500799807","7/23/2017 8:50:07 AM","0xef73148bdb8b4257a174c29576f95e0a8787ce37","0x86ffa1a4cc2f60bdb36e68ac9208eaf355a79fc0","147.1"
"0x0700d5a47db726b2f9ce0b0cdb7999bf2d032a09f3c72585e22b15770e667e80","4061606","1500799854","7/23/2017 8:50:54 AM","0xfbb1b73c4f0bda4f67dca266ce6ef42f520fbb98","0xa94b7561f0aa463cfc11531835893dcbddeefcf7","3743.32095235"
"0xdee0568ad4e3e4de40ab24cc3df863bce41d333c664e32112c32835d594f366f","4061606","1500799854","7/23/2017 8:50:54 AM","0xfbb1b73c4f0bda4f67dca266ce6ef42f520fbb98","0x1efe182ddb9b82bfb3afa3614ed28e20232b8730","799.9140093"
"0x3a414a9e01bc5648e7a81f575e3bbfcd608719fc1c3324e55d15410f3a80f20d","4061611","1500799923","7/23/2017 8:52:03 AM","0x8737305011408648c0c2fc6ff831d566fbaac483","0x75180d6637d901084cfccfce42bd64c5dc082d71","16000.2031554"
"0xbcaec05405009776017ecaee01341835b48d477afa544cdfaf20d3e0a4fa2e3f","4061616","1500800091","7/23/2017 8:54:51 AM","0x8f81085f33f91379b01069e64896a841f555ae8f","0xfbb1b73c4f0bda4f67dca266ce6ef42f520fbb98","2460.93096094"
"0x448a06c9a52d6362127930535b8bdb9abf89768d0d42076bcc6f8e80b6280af8","4061616","1500800091","7/23/2017 8:54:51 AM","0x8737305011408648c0c2fc6ff831d566fbaac483","0x09cc7db7655304df307590c98f0d82e36f43f058","4522.4515209"
"0x0237fc1486dbde3b2805fcb494926c4891ea3d1d5a8ba10388a15ac356cf7b68","4061616","1500800091","7/23/2017 8:54:51 AM","0xfbb1b73c4f0bda4f67dca266ce6ef42f520fbb98","0xf64179eb1aa7a322a9c6a60c3714bccd23c7d34e","0.99"
"0x497c10cc0bd4a6906cc7e6f666fb943f62045f73fb8a90ebdf39e2e9aa5f7840","4061624","1500800172","7/23/2017 8:56:12 AM","0x1efe182ddb9b82bfb3afa3614ed28e20232b8730","0x5e575279bf9f4acf0a130c186861454247394c06","799.9140093"
"0x8f71da62d4bd6bd27c741d4d88a13496ab6b476b69e579783a953b655bf8a88f","4061625","1500800207","7/23/2017 8:56:47 AM","0xfbb1b73c4f0bda4f67dca266ce6ef42f520fbb98","0x017e0e851c74e17228a2f96c870b5995aaafd2b5","484.26095806"
"0x02c0af6369a0767b86b009246b0a8653e6b7f14c96cd22f720000c175626bd31","4061625","1500800207","7/23/2017 8:56:47 AM","0x1151314c646ce4e0efd76d1af4760ae66a9fe30f","0xfc55a938a349dc526a4d633a8395a82ca661820f","197.85587078"
"0xf96c3c17100b7d1b225be62328a7c3d6d67c2702d06180a3522722818d01cd17","4061625","1500800207","7/23/2017 8:56:47 AM","0xef73148bdb8b4257a174c29576f95e0a8787ce37","0xb9b2baf204ef4a3f369420b83cef765c963617a3","147.1"
"0xde19fd641a42794658235e290175bf96e2ae2fe3ac977d0234b3336e0ceff5cb","4061625","1500800207","7/23/2017 8:56:47 AM","0xfbb1b73c4f0bda4f67dca266ce6ef42f520fbb98","0xeceaea57dcc762a3e95c1189492fc2ec02eac826","8.99"
"0x1822055cb5cb326c2bc4b2251acf38e5f7b723cd570563f3d55436e1e3f2322f","4061629","1500800300","7/23/2017 8:58:20 AM","0xfbb1b73c4f0bda4f67dca266ce6ef42f520fbb98","0xf64179eb1aa7a322a9c6a60c3714bccd23c7d34e","9937.13483561"
"0xe30f7b27ff449c12cbab0172b97ab05248e2e7a6a1d0c813332b30588dbc39bf","4061630","1500800320","7/23/2017 8:58:40 AM","0x1151314c646ce4e0efd76d1af4760ae66a9fe30f","0x8f81085f33f91379b01069e64896a841f555ae8f","4376.80694083"
"0x64f37d5bc78f7e99bc710a43f78f4ca2ae7dfddd7a477c66540221a68b9bf0bd","4061636","1500800418","7/23/2017 9:00:18 AM","0x8737305011408648c0c2fc6ff831d566fbaac483","0x8d01926ce14c821370151424fd2d9b4e7b05927b","49.7503"
"0x2e7b2ef17d9af00a55fcbae0e385bd29f928671c826a4f0a57d1cac010166938","4061637","1500800444","7/23/2017 9:00:44 AM","0xfbb1b73c4f0bda4f67dca266ce6ef42f520fbb98","0xeceaea57dcc762a3e95c1189492fc2ec02eac826","2571.36589589"
"0x7f8c495842b7df6ba6937c82813a32c5beff1ded15ddd68f2bb2a18c145a6776","4061639","1500800506","7/23/2017 9:01:46 AM","0x8737305011408648c0c2fc6ff831d566fbaac483","0x8203febbbe7420ca106541f894b442b23921aaa5","1469.41491074"
"0xbfb19de66261341ba402636124bbda0459664928678b62bae8128ab5b08f155a","4061641","1500800544","7/23/2017 9:02:24 AM","0x017e0e851c74e17228a2f96c870b5995aaafd2b5","0x8737305011408648c0c2fc6ff831d566fbaac483","484.26095806"
"0x68a941ecfd6da8b1550c12b79cfcd19a1865d1fa8c9698997b0174326a72c6e3","4061644","1500800634","7/23/2017 9:03:54 AM","0x8f81085f33f91379b01069e64896a841f555ae8f","0xfbb1b73c4f0bda4f67dca266ce6ef42f520fbb98","4376.80694083"
"0x0888e3c60832e44f11eb07efe60705cb2d3224afba7aca31969c2be7fc92d0a5","4061651","1500800827","7/23/2017 9:07:07 AM","0xfbb1b73c4f0bda4f67dca266ce6ef42f520fbb98","0xbf954e4ccd933143cdc63a80a75ab20ebc383ef3","381.84776768"
"0x91daf79cc993e737112da0fd7013ed641f26ce53354f0a54436603d465a099ed","4061651","1500800827","7/23/2017 9:07:07 AM","0xfbb1b73c4f0bda4f67dca266ce6ef42f520fbb98","0xa717310f71b2e7809c8941d14e95ef6fba990c16","1227.99"
"0x222d134f4c25aced067e7b08da493a71a5e4d9fc8814e0b2420770662ae317e1","4061658","1500800987","7/23/2017 9:09:47 AM","0x1151314c646ce4e0efd76d1af4760ae66a9fe30f","0x8f81085f33f91379b01069e64896a841f555ae8f","2680.30959897"
"0x6349e9f78a6948e47a1700fa21eb70f9817cb696469a713bebcf6548a61e3678","4061659","1500801056","7/23/2017 9:10:56 AM","0xfbb1b73c4f0bda4f67dca266ce6ef42f520fbb98","0xa717310f71b2e7809c8941d14e95ef6fba990c16","999.99"
"0xc3d3bf679ff04a59ef9e94eba8056c7ae948d2f833b0d26dc5ce5f4bcdf3e730","4061666","1500801200","7/23/2017 9:13:20 AM","0x8f81085f33f91379b01069e64896a841f555ae8f","0xfbb1b73c4f0bda4f67dca266ce6ef42f520fbb98","2680.30959897"
"0xf17a61889a7660796983d2e427fece0637630717fd296d0f3d902d3421b24da6","4061671","1500801279","7/23/2017 9:14:39 AM","0xfbb1b73c4f0bda4f67dca266ce6ef42f520fbb98","0x1efe182ddb9b82bfb3afa3614ed28e20232b8730","899.9040093"
"0xb8df7e84b3ee2db19d84b4f6b6164d6f9449f00615d2e054b6cfa454d1844201","4061672","1500801296","7/23/2017 9:14:56 AM","0x1151314c646ce4e0efd76d1af4760ae66a9fe30f","0xafea434e9c89582ff41d81c00fd39f0ff6038c23","9997.16940492"
"0xde6036a0bd7f3dd1bcf8371e3b8ac9c3b4c8e7a71cbaf5bb1596f94e090809c5","4061672","1500801296","7/23/2017 9:14:56 AM","0x2ebb507b1da5b2619515d542a8af27b0747a6bc2","0xbd7f4c9cd74de8f37eda3e5a5fe878b2b9aad3b0","7896.665"
"0x9521d0b1efd5d02bc3fd0f143d5c2dba69758427481beeedf71a857dd0e4c96f","4061675","1500801352","7/23/2017 9:15:52 AM","0x5e575279bf9f4acf0a130c186861454247394c06","0xb5a378c1fd1f31f1077c89f448dee3488d81669d","1927.05940381"
"0x09e5971f27853bba2a7b4ade840d9b457a4aa5be3d2257bb421b1b94c8df46b3","4061678","1500801375","7/23/2017 9:16:15 AM","0x4fa3ebaafddb6d185294f2772c4dfb648488451c","0x32aa34ab278d36581c6f93b648f7f8414d6eb6c6","455.2729767"
"0x55bdab57794deae21d9f91f35b2cd8b1c627284b73cee2ef8c7fb7b8ca1afbfb","4061684","1500801448","7/23/2017 9:17:28 AM","0x1efe182ddb9b82bfb3afa3614ed28e20232b8730","0x5e575279bf9f4acf0a130c186861454247394c06","899.9040093"
"0xb90f3652e7ea40171f48f6b4cadfb70d4231b651f42cbf536b3a5b3eb2bf1d06","4061685","1500801557","7/23/2017 9:19:17 AM","0x8737305011408648c0c2fc6ff831d566fbaac483","0x53fb0162bc8d5eec2fb1532923c4f8997bace111","847.15805846"
"0x4bc0f5356de064f5808fa046366f48261e13be6dbb46feda51c5f0125180df15","4061685","1500801557","7/23/2017 9:19:17 AM","0x6ca1b686e50851ea86636425653b088d8360532c","0x48ebb069b10b6091ec950e6e93c23cc731ee1b52","4503"
"0x1d3954becb27f5b4d4d698eceff78d769f668f02e45b1e1e6e973561fc00ead5","4061690","1500801647","7/23/2017 9:20:47 AM","0x32aa34ab278d36581c6f93b648f7f8414d6eb6c6","0x5e575279bf9f4acf0a130c186861454247394c06","455.2729767"
"0xabc3d41d36fdabf31f639a6204fafe852eae8769774809dbcf9c1250dc7e691e","4061690","1500801647","7/23/2017 9:20:47 AM","0xfbb1b73c4f0bda4f67dca266ce6ef42f520fbb98","0x1efe182ddb9b82bfb3afa3614ed28e20232b8730","866.48559948"
"0x76def60bbae92729111b389a82c50ffc8a9712cb561d2ab0fc3a78c4667eafc3","4061693","1500801764","7/23/2017 9:22:44 AM","0xfbb1b73c4f0bda4f67dca266ce6ef42f520fbb98","0x0e4b5665ac0bb25340522bf33f62b51da422e947","299.1303"
"0x01c1b89203c4c4dd71b06629a515f066b027db4cb412cbfbfa4ac6a94763933b","4061693","1500801764","7/23/2017 9:22:44 AM","0xfbb1b73c4f0bda4f67dca266ce6ef42f520fbb98","0x017e0e851c74e17228a2f96c870b5995aaafd2b5","479.19654282"
"0x3020a48c80e20c9b279442a1366d8b9f095724c3bbc6043f11086c3635941385","4061704","1500801952","7/23/2017 9:25:52 AM","0x48ebb069b10b6091ec950e6e93c23cc731ee1b52","0x8737305011408648c0c2fc6ff831d566fbaac483","4503"
"0x10e6b629d7cc75ac8e8458c6ade64d0000b1d2cabbf0ba7b1d8d4fe30c9780a2","4061704","1500801952","7/23/2017 9:25:52 AM","0x1efe182ddb9b82bfb3afa3614ed28e20232b8730","0x5e575279bf9f4acf0a130c186861454247394c06","866.48559948"
"0x1e730adcd0399b0cf8545e94c93c8e408f900a438111649136e40fe7aa48338d","4061706","1500801962","7/23/2017 9:26:02 AM","0x8d12a197cb00d4747a1fe03395095ce2a5cc6819","0xd409b9ebfe7edda1dd4b5605821654aa5152e3bd","4"
"0xa4fbc6dfb946c8cbef4b80aa50d42414e1cc93979f30aba0dd269d557211f0c2","4061714","1500802089","7/23/2017 9:28:09 AM","0x017e0e851c74e17228a2f96c870b5995aaafd2b5","0x8737305011408648c0c2fc6ff831d566fbaac483","479.19654282"
"0xb53b20715c6b89a4097446619987b73073f752530f355974b3385bc2848d8e37","4061716","1500802148","7/23/2017 9:29:08 AM","0x8d12a197cb00d4747a1fe03395095ce2a5cc6819","0xd409b9ebfe7edda1dd4b5605821654aa5152e3bd","450"
"0xb7041cca118840d4d0db9a8b67f91934d2a9e7d1126ecc32576c932754c3d049","4061721","1500802250","7/23/2017 9:30:50 AM","0xfbb1b73c4f0bda4f67dca266ce6ef42f520fbb98","0x8bbb73bcb5d553b5a556358d27625323fd781d37","1522.38765439"
"0xae62e7fd1a190b209fd932ac2d7a4c78fe02bf2c01377904f5d4e0941a826f8e","4061728","1500802375","7/23/2017 9:32:55 AM","0xfbb1b73c4f0bda4f67dca266ce6ef42f520fbb98","0x542202359e9cc044d75536c03543e73a0d94ed3e","440.32254856"
"0xa88dcf110e4f4edf6c33acf5d52773f488121f82a82ca2d5f6de3924408e233d","4061731","1500802507","7/23/2017 9:35:07 AM","0xfbb1b73c4f0bda4f67dca266ce6ef42f520fbb98","0xd52bad882d3d0f9b2b1b4760527515713df93efb","13.41982027"
"0xd8d446be81b4a6a4b0e8aa3b3c39a73b8c02f109bf3d6d260d1e4d2fc7bd3127","4061731","1500802507","7/23/2017 9:35:07 AM","0xfbb1b73c4f0bda4f67dca266ce6ef42f520fbb98","0x8bbb73bcb5d553b5a556358d27625323fd781d37","2668.317753"
"0x1d1c8c6cea272f91be5c82efe5de5466543b3da8a66bf2f4188329f6d885b5d3","4061731","1500802507","7/23/2017 9:35:07 AM","0x8bbb73bcb5d553b5a556358d27625323fd781d37","0x1151314c646ce4e0efd76d1af4760ae66a9fe30f","1522.38765439"
"0x83180aef4127f76e7d792dfa30f93178fe34edf6e104e4a3cd3db37e21d7602d","4061733","1500802529","7/23/2017 9:35:29 AM","0xc0bbb62f03a7cbc71f7c08bdf54931d87f2697ab","0x639ce9feeaba2517afe557d0267d2140aaccff30","1"
"0xa1ea00808e10c43ea45a61167db812136cfbf3ce68f1f51cc9cfff57a2ceb71b","4061735","1500802553","7/23/2017 9:35:53 AM","0x8bbb73bcb5d553b5a556358d27625323fd781d37","0x1151314c646ce4e0efd76d1af4760ae66a9fe30f","2668.317753"
"0x8f7f7106f327a11e8aeca8ab36142b9fb63c8932dda97625fc467633123b30f4","4061738","1500802598","7/23/2017 9:36:38 AM","0x1151314c646ce4e0efd76d1af4760ae66a9fe30f","0xafea434e9c89582ff41d81c00fd39f0ff6038c23","9999.9"
"0x0bb59617118219c9eaaaca3582acdb29a2edf65eec6c524c5208569cdf676f85","4061739","1500802603","7/23/2017 9:36:43 AM","0xfbb1b73c4f0bda4f67dca266ce6ef42f520fbb98","0x8bbb73bcb5d553b5a556358d27625323fd781d37","1584.1588765"
"0x24be09175a42adb152293ddc6ba01da969d5e2048e89e9baecf72cc8a4a62ccb","4061747","1500802757","7/23/2017 9:39:17 AM","0x8bbb73bcb5d553b5a556358d27625323fd781d37","0x1151314c646ce4e0efd76d1af4760ae66a9fe30f","1584.1588765"
"0xa72d7167cc19875c50fd96cecb75e60e01367884b4ffac8c9b53a63e445f599c","4061756","1500802887","7/23/2017 9:41:27 AM","0x5e575279bf9f4acf0a130c186861454247394c06","0xba5058a9f7304595e0602e9794f28e56f80c6623","450.2729767"
"0x6754dc311c82ec113fd326584a9c0ea4d15b41cef1245f5561ab0ffd754eacb0","4061759","1500802903","7/23/2017 9:41:43 AM","0xc1cc4331f4239ea749a55d65e4d3baca5f78e192","0x6e69151bfa743835de02be57a03614620925f39f","8599.5"
"0x73ea6c9ec2182873b52b87a0e3e69164ed03da8a25d4b448192647f72de7258f","4061768","1500803015","7/23/2017 9:43:35 AM","0xcd36470cb067aaf1f4655fbae062757b93ccf677","0xa55d8a4d940e4a73637a4200f8159fba9ede3650","5"
"0xd8f02350b69eab544bc4b319854f1d6cba3d84901c6de8444392ea2bbe892130","4061773","1500803098","7/23/2017 9:44:58 AM","0xfbb1b73c4f0bda4f67dca266ce6ef42f520fbb98","0x017e0e851c74e17228a2f96c870b5995aaafd2b5","830.58068587"
"0x7a3b24f408fd6e5fb35fe5ab651497afd0888ef20aa6b4dfa5d469dc2108e271","4061774","1500803212","7/23/2017 9:46:52 AM","0x50c70f32c9f06226b58ecf83ff4f1742b6b16de9","0xbad1887e0f912d9b4a2eb9a92bdd87d5f2355c4f","10000"
"0x05dd9ebf765161961d448f94f82f400aa0636a21ed27f28d5370320b3f8c6959","4061776","1500803237","7/23/2017 9:47:17 AM","0x6e69151bfa743835de02be57a03614620925f39f","0x8737305011408648c0c2fc6ff831d566fbaac483","8599.5"
"0x8a94b7bf2b34eb818f6ae5da9ccbf0d95a9c78ad79bf2806ff0575b4c5ba55b4","4061777","1500803264","7/23/2017 9:47:44 AM","0x1151314c646ce4e0efd76d1af4760ae66a9fe30f","0x782060bc47743fa62bcd4dfd65a0be2f9b068be8","100"
"0x0ebe56cbe54510515d4b2cbe90a1cbe4410febc0758f3dc9dfafb163f405df8e","4061787","1500803456","7/23/2017 9:50:56 AM","0xfbb1b73c4f0bda4f67dca266ce6ef42f520fbb98","0x017e0e851c74e17228a2f96c870b5995aaafd2b5","919.57539643"
"0xc22e00e20ffd38c99da318d8d410bbf7c80df8556c0d84386239a2189e3269bb","4061787","1500803456","7/23/2017 9:50:56 AM","0xfbb1b73c4f0bda4f67dca266ce6ef42f520fbb98","0x33f3850c361dd83f432367dd63072e194c745f75","5076.99"
"0x07be59cf777052c2639b93e4e5c3b0787d6f57c1380d9683c16261b488cc9628","4061788","1500803483","7/23/2017 9:51:23 AM","0x017e0e851c74e17228a2f96c870b5995aaafd2b5","0x8737305011408648c0c2fc6ff831d566fbaac483","830.58068587"
"0x537c6cabe858d5f8d81e6362358b260dcfc5fd16c91bcbb3fa33becbc084906c","4061795","1500803549","7/23/2017 9:52:29 AM","0xbad1887e0f912d9b4a2eb9a92bdd87d5f2355c4f","0x8737305011408648c0c2fc6ff831d566fbaac483","10000"
"0x4411f81f95fcc4b4b78bc275d34440edce92a5521b94b7f613632389907aefcb","4061803","1500803717","7/23/2017 9:55:17 AM","0x017e0e851c74e17228a2f96c870b5995aaafd2b5","0x8737305011408648c0c2fc6ff831d566fbaac483","919.57539643"
"0x744aeb7ef9dbceed7468181d44439f34b649590428465dd9b658e5f3f918c4c3","4061803","1500803717","7/23/2017 9:55:17 AM","0x8737305011408648c0c2fc6ff831d566fbaac483","0xe50e5d3ae875b0263b33cb74ae1c4f372d1c1d63","1730.44478478"
"0x4c5d81a9ed6a5ad2600f3c788652dcbc5dc3d5234348048132a1fd6dd0323ef1","4061803","1500803717","7/23/2017 9:55:17 AM","0x8737305011408648c0c2fc6ff831d566fbaac483","0xd3512ac47617ed8d5d2940bbead370fcffa91455","2991"
"0x04d77dad4eeacf20bad144228ee11884112d5c8f18b8f1586c0af1455aefdab2","4061803","1500803717","7/23/2017 9:55:17 AM","0x8737305011408648c0c2fc6ff831d566fbaac483","0xd3512ac47617ed8d5d2940bbead370fcffa91455","997"
"0x4b61e4babb71efe5ee341188f2fce6881cf6e785a84986e451e6b70ab0c2e8de","4061805","1500803743","7/23/2017 9:55:43 AM","0xa25e4adc4384d1b2302278bfdad6103cd33538b3","0x550ecffa3c8370232f0c6ffe5c35cb5382c78a4e","1"
"0x816ffc60e92a60a146b1cb18b06ccecfd7ce25df36af0758f44d0d22cb2492c6","4061805","1500803743","7/23/2017 9:55:43 AM","0x33f3850c361dd83f432367dd63072e194c745f75","0x8737305011408648c0c2fc6ff831d566fbaac483","5076.99"
"0x86df757d481c6d188e5aea2078c084b483a82e764a6f5b638be879aab3e5d7f5","4061810","1500803910","7/23/2017 9:58:30 AM","0x80fee65263cad9be908ad1c11df9559406093d53","0xd2a221d0a0b13a6caad785d1d5d170a37fc8f785","484"
"0x54c96d54a80d91b1b0a9488e5567e1fbe0029d9ba7c579fa2a6cf5893b0e9707","4061811","1500803921","7/23/2017 9:58:41 AM","0xfbb1b73c4f0bda4f67dca266ce6ef42f520fbb98","0x82a87a5240451fecf4fc5b7ed542ff014c712ca4","3960.48895035"
"0x7ac024d0755d9aac26d52483b8e76aa4103b80812d104593db65db07080a6886","4061811","1500803921","7/23/2017 9:58:41 AM","0xfbb1b73c4f0bda4f67dca266ce6ef42f520fbb98","0x33f3850c361dd83f432367dd63072e194c745f75","8271.99"
"0x1a8eec3cc88ad14c2d45489cd407e14bdfac6b018620c25b37928fbc31837fdd","4061813","1500803963","7/23/2017 9:59:23 AM","0x550ecffa3c8370232f0c6ffe5c35cb5382c78a4e","0xfbb1b73c4f0bda4f67dca266ce6ef42f520fbb98","1"
"0x9a46816d321ed80e44e850055470b6b66740009ed478c06f3e0f3bc5c293e6f9","4061815","1500804022","7/23/2017 10:00:22 AM","0x1151314c646ce4e0efd76d1af4760ae66a9fe30f","0x0e4b5665ac0bb25340522bf33f62b51da422e947","100.1184967"
"0xa2dbb512ab54e881f8304463f9181f93b62010a6470ca4c555c8d0456b2c2936","4061818","1500804053","7/23/2017 10:00:53 AM","0x1151314c646ce4e0efd76d1af4760ae66a9fe30f","0x8f81085f33f91379b01069e64896a841f555ae8f","4672.00872214"
"0xdb2620fb426dd987fe2926bf3db1e7242320affc093343666d38e472a951f88d","4061827","1500804214","7/23/2017 10:03:34 AM","0x82a87a5240451fecf4fc5b7ed542ff014c712ca4","0x8737305011408648c0c2fc6ff831d566fbaac483","3960.48895035"
"0xda296f5fa9044d514b34fc87a611c886ca3a99deec0e4c4e6079cc25056459cd","4061828","1500804222","7/23/2017 10:03:42 AM","0x33f3850c361dd83f432367dd63072e194c745f75","0x8737305011408648c0c2fc6ff831d566fbaac483","8271.99"
"0xc0c9a24fbb1dd52debcf8620c4ce57f38573f980aa17526d5b9b3357ffa96d95","4061831","1500804310","7/23/2017 10:05:10 AM","0x8f81085f33f91379b01069e64896a841f555ae8f","0xfbb1b73c4f0bda4f67dca266ce6ef42f520fbb98","4672.00872214"
"0xae69a31fc9c4bb904566f410363e198c384022ea33bcdd4f6c3fd64cfdf20ffa","4061831","1500804310","7/23/2017 10:05:10 AM","0xd2a221d0a0b13a6caad785d1d5d170a37fc8f785","0x8737305011408648c0c2fc6ff831d566fbaac483","484"
"0x591c26b5bb653636ad1804e087da82ac0d58ebd152de661bc55742921be0d0c1","4061835","1500804352","7/23/2017 10:05:52 AM","0xcd36470cb067aaf1f4655fbae062757b93ccf677","0xa55d8a4d940e4a73637a4200f8159fba9ede3650","19142"
"0x58373d206aae4a14af8ef1f64f1acd5d9835f3162b9ebc2929d7bb0d7d9cc1aa","4061837","1500804362","7/23/2017 10:06:02 AM","0xfbb1b73c4f0bda4f67dca266ce6ef42f520fbb98","0x49c8dc117902dd0355e7b7333422dfddac2bc354","2472.99"
"0xf8624a9d07a0f2433b54778d2f5abdadb2ba2b6b82485d00242b7dff807a0d75","4061840","1500804434","7/23/2017 10:07:14 AM","0xc0bbb62f03a7cbc71f7c08bdf54931d87f2697ab","0x639ce9feeaba2517afe557d0267d2140aaccff30","999"
"0x482139af80b6591fe49e6573d982ab5f6b250d0d0be8dc2c08232d72f380b217","4061845","1500804578","7/23/2017 10:09:38 AM","0x1151314c646ce4e0efd76d1af4760ae66a9fe30f","0x782060bc47743fa62bcd4dfd65a0be2f9b068be8","150"
"0xba421641805d734087b2e4b749ea7dd1fb58595eee03a437aea80e7a5323e5c5","4061846","1500804645","7/23/2017 10:10:45 AM","0xfbb1b73c4f0bda4f67dca266ce6ef42f520fbb98","0x18c85a8a293cea93f383f27379dc3628a09e5164","1454.99"
"0x7f6ef13b377f08a896047ebc760e44811bdab02a9261a00ce7c6a75492644a68","4061846","1500804645","7/23/2017 10:10:45 AM","0x19339aea2db39637e909ca160cf676b6e52c99ab","0x8525f8257f292a6a9ad659fc36d8cbd2b66a4356","7066"
"0x3e6e9177018d2d45dee161e1fab9babfb539afca4405ff4d87385a8c4db09eab","4061856","1500804802","7/23/2017 10:13:22 AM","0x49c8dc117902dd0355e7b7333422dfddac2bc354","0x8737305011408648c0c2fc6ff831d566fbaac483","2472.99"
"0x1b6d0cd3d3727d690f23ace6918f64c0ee65db92441fc62f0cebb58e17d1bc43","4061859","1500804871","7/23/2017 10:14:31 AM","0xa25e4adc4384d1b2302278bfdad6103cd33538b3","0x550ecffa3c8370232f0c6ffe5c35cb5382c78a4e","20000"
"0x831edf6e9479aca9ea2458e91a5808b7f09ae8b3d302637c4dd584fa91af0665","4061861","1500804913","7/23/2017 10:15:13 AM","0x1151314c646ce4e0efd76d1af4760ae66a9fe30f","0x79bfe3ed2b7b7ed6062e61d58886e33c70d71a92","33.92648666"
"0x77cb55c39a515f812a74db7a4c75c6d2299ded6421a01ea4dd9308a1f5ecbdf2","4061862","1500804942","7/23/2017 10:15:42 AM","0x8525f8257f292a6a9ad659fc36d8cbd2b66a4356","0x8737305011408648c0c2fc6ff831d566fbaac483","7066"
"0xcc4355e1cdec7fef07ca10540aaeac7f37d1ffa2b1c8d5ef88cf028f90bc240c","4061863","1500804986","7/23/2017 10:16:26 AM","0xfbb1b73c4f0bda4f67dca266ce6ef42f520fbb98","0x49c8dc117902dd0355e7b7333422dfddac2bc354","2000.19895301"
"0xc7908d2a118866c5ec7c8e9691aa938503e0f922cf585f08a5ddad4a5117ef74","4061865","1500805050","7/23/2017 10:17:30 AM","0x550ecffa3c8370232f0c6ffe5c35cb5382c78a4e","0xfbb1b73c4f0bda4f67dca266ce6ef42f520fbb98","20000"
"0x288fac25b7842932b1e935ca8d38419c649990e53a0eaf3c2d8da1b2bd6c470c","4061876","1500805211","7/23/2017 10:20:11 AM","0xfbb1b73c4f0bda4f67dca266ce6ef42f520fbb98","0x33f3850c361dd83f432367dd63072e194c745f75","5008.99"
"0xd946c1cf2b084e9c72300a3a3142b0c3e6e36dd74084dd5370b35ba4c6f9e07e","4061879","1500805297","7/23/2017 10:21:37 AM","0x49c8dc117902dd0355e7b7333422dfddac2bc354","0x8737305011408648c0c2fc6ff831d566fbaac483","2000.19895301"
"0x9d09d80577aa7b3e3e44494acafc564290945cf8e893a107adfd69d9131435cd","4061886","1500805427","7/23/2017 10:23:47 AM","0x2fa7f8c4bdd156610d40421a0ecd3e452055968c","0x0c0b3108211c38798ed8ab151bfd378a08fd582a","2142"
"0xc6d8f293a220675ad3534809f759127809dece1e871ca24005f62193e8500931","4061886","1500805427","7/23/2017 10:23:47 AM","0x1151314c646ce4e0efd76d1af4760ae66a9fe30f","0x8f81085f33f91379b01069e64896a841f555ae8f","6353.1806061"
"0x7255e201f6cec179659f3e77f1c5ca6e728a28f640bdc4a732789c7c7338dd9d","4061894","1500805592","7/23/2017 10:26:32 AM","0xfbb1b73c4f0bda4f67dca266ce6ef42f520fbb98","0x33f3850c361dd83f432367dd63072e194c745f75","5030.99"
"0xf4dfbc4f768d27a6d4efff4171ad27cd1d8aecce1a0218872e8000ee9b5c3e7a","4061900","1500805685","7/23/2017 10:28:05 AM","0x33f3850c361dd83f432367dd63072e194c745f75","0x8737305011408648c0c2fc6ff831d566fbaac483","10039.98"
"0x1b806cdeca7b5125af460a55491201193c736896525a850caacb7b773520c599","4061900","1500805685","7/23/2017 10:28:05 AM","0x8f81085f33f91379b01069e64896a841f555ae8f","0xfbb1b73c4f0bda4f67dca266ce6ef42f520fbb98","6353.1806061"
"0xd9419c8d7c7c73d3a3f4b43172cf1af0f59d21722a15bd4fb452a78b90c9bb71","4061903","1500805768","7/23/2017 10:29:28 AM","0x8737305011408648c0c2fc6ff831d566fbaac483","0xd3512ac47617ed8d5d2940bbead370fcffa91455","997"
"0x503357aa4863d54c4f21f53a8612efb0f8be075ca06975b5fd46159ca6c6268a","4061903","1500805768","7/23/2017 10:29:28 AM","0x0c0b3108211c38798ed8ab151bfd378a08fd582a","0x8737305011408648c0c2fc6ff831d566fbaac483","2142"
"0x723740928356d800d440161cc54db88cb07218358e066c0eb363f79bb0a33d0d","4061905","1500805777","7/23/2017 10:29:37 AM","0x8737305011408648c0c2fc6ff831d566fbaac483","0xd3512ac47617ed8d5d2940bbead370fcffa91455","1994"
"0xb298d95ce93cef26b6fcd0290a269579c43308c2a28b16a3df9e691cc2cdecd3","4061905","1500805777","7/23/2017 10:29:37 AM","0x8737305011408648c0c2fc6ff831d566fbaac483","0xd3512ac47617ed8d5d2940bbead370fcffa91455","1994"
"0x188dd5b2b11bccaa32878d36ea94304ec1ae1a8a0eb760d3f4e68f04919d9fa2","4061908","1500805831","7/23/2017 10:30:31 AM","0x191219e129d1bebdcad28385933c510b72416532","0xfd86e5f4823683e54a1eb6805f808beebe029b26","1"
"0x311cfebdb525d4595634c0ae477a6fcd3c7d931bb33d932e4e35945d61f21cef","4061908","1500805831","7/23/2017 10:30:31 AM","0x211e44cf27fa855143bab70f5fee0552b4c614d1","0x4d24f873071ddc03a689da99624346bc073b9882","500"
"0x0ca4de15b923ace641b2e46c5e4f25f97390129b343e8445a9ca4591f415844d","4061913","1500805954","7/23/2017 10:32:34 AM","0x8737305011408648c0c2fc6ff831d566fbaac483","0x697ef715f7bd060b94c59565dc8013b95d036038","995.006"
"0x57f8e934370f58be5df2ac3025f6fa8d70a8ce131a43043d3e84ab5223b0b0e1","4061913","1500805954","7/23/2017 10:32:34 AM","0xfbb1b73c4f0bda4f67dca266ce6ef42f520fbb98","0x0e4b5665ac0bb25340522bf33f62b51da422e947","240.99"
"0x9a0586b7a5a72c7f5848fef141d25f8064cfeb8e57d867a1021cf999c0939c85","4061914","1500805964","7/23/2017 10:32:44 AM","0x5e575279bf9f4acf0a130c186861454247394c06","0xb64b278944e9e9f62cbde3b5a7bda1a715d07a47","3273.61229226"
"0x5755e42ed64bcb6dc6f591080ef5f5bb8e0c3d78e2fa74837311e6989a554d41","4061925","1500806055","7/23/2017 10:34:15 AM","0x2ebb507b1da5b2619515d542a8af27b0747a6bc2","0xbd7f4c9cd74de8f37eda3e5a5fe878b2b9aad3b0","6186.602"
"0x3e514d484d2c5e8e27ceb556f7d2bb14b4adc823969b919bdfb5637e54fa6a85","4061929","1500806149","7/23/2017 10:35:49 AM","0xb64b278944e9e9f62cbde3b5a7bda1a715d07a47","0xfbb1b73c4f0bda4f67dca266ce6ef42f520fbb98","3273.61229226"
"0x9271c270433afab45b550acda7771f970fb75851c77306625b654f129721d753","4061929","1500806149","7/23/2017 10:35:49 AM","0x4d24f873071ddc03a689da99624346bc073b9882","0x8737305011408648c0c2fc6ff831d566fbaac483","500"
"0x23dee0d08aa369cedbe13e9f896f9a4be663028696d55acef8131bdcc8e72240","4061932","1500806304","7/23/2017 10:38:24 AM","0xfd86e5f4823683e54a1eb6805f808beebe029b26","0x8737305011408648c0c2fc6ff831d566fbaac483","1"
"0xd192f6e0b8ac244d20ec57bcd70084d125abd6ee0eec40cfd25e622c520de235","4061932","1500806304","7/23/2017 10:38:24 AM","0x191219e129d1bebdcad28385933c510b72416532","0xfd86e5f4823683e54a1eb6805f808beebe029b26","589"
"0x508c10adb22e2084016fdbda3cf5089de729312fdde2da74f6a52e5505ab4bfc","4061938","1500806406","7/23/2017 10:40:06 AM","0x1151314c646ce4e0efd76d1af4760ae66a9fe30f","0x5e3bdf29398780a701710a29cc453019b88af4e3","3493"
"0x172b1f9f2ce824fc16b4f18bfa5f8b0730d40303142e5d3c1a50c3a53c719f59","4061946","1500806501","7/23/2017 10:41:41 AM","0x1151314c646ce4e0efd76d1af4760ae66a9fe30f","0x8f81085f33f91379b01069e64896a841f555ae8f","2574.60797403"
"0x62410f39705e4fb5a82fe9dabcca0f58819f364e4dbc6595d9f2cabaeec82b24","4061947","1500806518","7/23/2017 10:41:58 AM","0x8737305011408648c0c2fc6ff831d566fbaac483","0x8d01926ce14c821370151424fd2d9b4e7b05927b","99.5006"
"0x1e7a19a7f66a91f9b19a488101b436d51db04a28be33a04a0148e04fd5ec3ec9","4061948","1500806563","7/23/2017 10:42:43 AM","0xfd86e5f4823683e54a1eb6805f808beebe029b26","0x8737305011408648c0c2fc6ff831d566fbaac483","589"
"0xcf761ad5e2cc9bac591cda66dd14b42680ab837b4f991b3a72ad6a33a988b3b9","4061952","1500806644","7/23/2017 10:44:04 AM","0x12f62a792f9510f3548c39b1aa9d7e34d177e366","0xbcb1ac6f09ccbab34ba700a17a6011b749e5cc15","1000"
"0x0a23ce383dd642ee79ae568912df90bbfef1849acc42e46287fc19212b859415","4061954","1500806698","7/23/2017 10:44:58 AM","0x1151314c646ce4e0efd76d1af4760ae66a9fe30f","0x79af88de32fc511b9d1cb055ae51ef1aa93c2e13","772.53991468"
"0x0171c4b5ccc28a9b4fbe414ec3c477ae8482765f686436a0a6f1648d0e4aa9a2","4061959","1500806768","7/23/2017 10:46:08 AM","0x2ebb507b1da5b2619515d542a8af27b0747a6bc2","0x8203febbbe7420ca106541f894b442b23921aaa5","827.5715"
"0x8ee0ecc8fe646442524c30918f2326b4166593473c9697ba87d8775f175791cc","4061959","1500806768","7/23/2017 10:46:08 AM","0x8f81085f33f91379b01069e64896a841f555ae8f","0xfbb1b73c4f0bda4f67dca266ce6ef42f520fbb98","2574.60797403"
"0x21dae98fbdf19c937e5b761e3224fb19f9ead62e94a2d8dd2257fd75d53df414","4061964","1500806882","7/23/2017 10:48:02 AM","0x1b67852bc51dac32b1f5c6fd0448e6a32b70bbca","0x2ebb507b1da5b2619515d542a8af27b0747a6bc2","10000"
"0x6cc630367b7368dbe6207b49c8f4ccac77a8033ad337c09aa082b196e6c2c161","4061964","1500806882","7/23/2017 10:48:02 AM","0xad1375d22ef3eb76338feed9999c9bb25dc55bee","0x2ebb507b1da5b2619515d542a8af27b0747a6bc2","5000"
"0x6d89b91344b20a97bc90edfba76e1b3573b93a539d07373fbf7e697d51f4ef83","4061964","1500806882","7/23/2017 10:48:02 AM","0x1cef662bae3c78e961e4df919d99349f6466c039","0x2ebb507b1da5b2619515d542a8af27b0747a6bc2","5997.07526"
"0x8b899b707932467e4a5e4afb8870dbc43da1e36ae923415623c47ae383184cd2","4061964","1500806882","7/23/2017 10:48:02 AM","0x822fa956ad26e710604e6df68da264e14d844c00","0x2ebb507b1da5b2619515d542a8af27b0747a6bc2","12581.143"
"0xbecca6daac9e6c6970ac829bfe97712daf57b3fd748ea07e234e18fa32e18f28","4061964","1500806882","7/23/2017 10:48:02 AM","0x93c994e12948e8e14fd7bd0f373b5bb40b6ab221","0x2ebb507b1da5b2619515d542a8af27b0747a6bc2","5616.21169999"
"0xfa1fe605233457639cc193a6eba500a72fbf214082f5857d441c4f4de1517fab","4061964","1500806882","7/23/2017 10:48:02 AM","0xc5335597228f06385f97359ad95c28afcd67d0dd","0x2ebb507b1da5b2619515d542a8af27b0747a6bc2","2999.5"
"0xffbc5dcb031bc1e7490ae08793dc5f433fbea8478158d4e573b095ebd1ab885f","4061964","1500806882","7/23/2017 10:48:02 AM","0x1016fea904349056754edc2b1519b22e0b3d2ad8","0x2ebb507b1da5b2619515d542a8af27b0747a6bc2","50597.04099999"
"0x9a503ad6f2fa5e88a7373e0357f52d8ff1bd0ea3145761f3970b7e919042af25","4061965","1500806902","7/23/2017 10:48:22 AM","0x79af88de32fc511b9d1cb055ae51ef1aa93c2e13","0xfbb1b73c4f0bda4f67dca266ce6ef42f520fbb98","772.53991468"
"0x2a23bbd9a1b75ad781344bcd5f223bddf8958d4fa7f30d0c6940aee9838cd639","4061965","1500806902","7/23/2017 10:48:22 AM","0xfbb1b73c4f0bda4f67dca266ce6ef42f520fbb98","0xafe1736544e4b5dfce608db3a4278a313b7da2d1","1290.68450473"
"0xb96d7d796484da2bfbfe280662c9c7de07400012282db6a8d36d4661e874637f","4061971","1500807036","7/23/2017 10:50:36 AM","0x1151314c646ce4e0efd76d1af4760ae66a9fe30f","0x70f421ca5d3263e82c155075a14ebcb7e5336643","1784.61464553"
"0x62d7e2fc153897bc50ad82c3058d142d664abada4a2796316ec76bbb0acb8114","4061973","1500807073","7/23/2017 10:51:13 AM","0x30b1e7262c4a6d8aee15f9af9f5b9929d6a8ed40","0x62f2f45c03af0b6b2a6f2a65f6ff0f53e07080a6","2754"
"0xc730fc2ba8919d00a5389e79ac12d290e0342e23d832e70a6a59b993b5efc4e0","4061976","1500807167","7/23/2017 10:52:47 AM","0x1151314c646ce4e0efd76d1af4760ae66a9fe30f","0x8f81085f33f91379b01069e64896a841f555ae8f","4199.52541023"
"0x02f60fbb08135bccab72835882c7f0951905b955408b0f2023d4f0a22d75e8f8","4061982","1500807224","7/23/2017 10:53:44 AM","0x8f81085f33f91379b01069e64896a841f555ae8f","0xfbb1b73c4f0bda4f67dca266ce6ef42f520fbb98","4199.52541023"
"0x249abe6f753bbd5a9eab94f5ec3543375e026e8019fbce37e9ca2fa605503d40","4061992","1500807398","7/23/2017 10:56:38 AM","0xfbb1b73c4f0bda4f67dca266ce6ef42f520fbb98","0x61bd8eb94d90fc67a012526ea99b6703b526d514","425"
"0x43bd1c90ddb87506e965a126e522d4992c4caa1d50dd8c1467ea8cfc6fdcb028","4061993","1500807433","7/23/2017 10:57:13 AM","0x1151314c646ce4e0efd76d1af4760ae66a9fe30f","0x8f81085f33f91379b01069e64896a841f555ae8f","2171.6700524"
"0x9637f1a85bea21079b45a9385d8f73f6635b1ad22acddb5c81fb38ac44d6fa38","4061994","1500807436","7/23/2017 10:57:16 AM","0x62f2f45c03af0b6b2a6f2a65f6ff0f53e07080a6","0x8737305011408648c0c2fc6ff831d566fbaac483","2754"
"0x874a64ea3510f3f065723d6b881f026117b046eab5feab8e3a8122b5e33dad01","4061997","1500807517","7/23/2017 10:58:37 AM","0xfbb1b73c4f0bda4f67dca266ce6ef42f520fbb98","0x004dee67310a8ef1e91a46ce6c6bd68abfbaeb3c","676.26680412"
"0x155094e522525b60ea0a746bc67c518c249bb7969538897d9b30cdafed71c702","4061999","1500807567","7/23/2017 10:59:27 AM","0x8f81085f33f91379b01069e64896a841f555ae8f","0xfbb1b73c4f0bda4f67dca266ce6ef42f520fbb98","2171.6700524"
"0x399e17a435f211715c780a0baf2ab768f2b89157a32015abb2ef838672ae7f61","4062010","1500807758","7/23/2017 11:02:38 AM","0xfbb1b73c4f0bda4f67dca266ce6ef42f520fbb98","0x0bcaf5a735a42cf11cb406621884bb02098a2f5c","1598.53769231"
"0x68cb99ef89a59fb12f19bbe65d95d2f8ccc07899bbdc952c472bbbcf049ac0d7","4062016","1500807837","7/23/2017 11:03:57 AM","0x1151314c646ce4e0efd76d1af4760ae66a9fe30f","0x8f81085f33f91379b01069e64896a841f555ae8f","1591.78308465"
"0x8645b0cc3303167c9ff07bbd6e26c11e6f47e6d658e78f09c70e72ef3da13ae3","4062027","1500808048","7/23/2017 11:07:28 AM","0x8f81085f33f91379b01069e64896a841f555ae8f","0xfbb1b73c4f0bda4f67dca266ce6ef42f520fbb98","1591.78308465"
"0xa9125de7ea2075e603eab20a523fcf6c853201c213e7aaa1771c82e0bb852e75","4062029","1500808104","7/23/2017 11:08:24 AM","0x1151314c646ce4e0efd76d1af4760ae66a9fe30f","0xc0702e8967cf4711407e854c6b79470c5952638c","1800.42905764"
"0x29a9eb239d8ac95fd051487e9bfeb77d2cf2150e0fee50507cf09e3b6dc13221","4062038","1500808232","7/23/2017 11:10:32 AM","0xfbb1b73c4f0bda4f67dca266ce6ef42f520fbb98","0x51910ba2a2b06e8bf23788161f8aea7a4c75ce68","5"
"0x8c99a63565dfc4a6b98257fe299eae601b6339833d1ccfce38f7cc92b1610e16","4062041","1500808351","7/23/2017 11:12:31 AM","0xc0702e8967cf4711407e854c6b79470c5952638c","0x5e575279bf9f4acf0a130c186861454247394c06","1800.42905764"
"0x8b88e8cd506159d7e801c5dede3c4bad3be4d818082b092b85767d8d8fb730cb","4062042","1500808364","7/23/2017 11:12:44 AM","0xfbb1b73c4f0bda4f67dca266ce6ef42f520fbb98","0x51910ba2a2b06e8bf23788161f8aea7a4c75ce68","571.91705602"
"0xbe6239db51d94eae98e20e371d3bda5d102a35da8df0ca24d47461ab900a29f1","4062064","1500808844","7/23/2017 11:20:44 AM","0x1151314c646ce4e0efd76d1af4760ae66a9fe30f","0x8f81085f33f91379b01069e64896a841f555ae8f","1994.16789193"
"0x06a82ee16372451a74aa441175130a912f0ec556a29184ff89e80105dc7d1bd0","4062075","1500808978","7/23/2017 11:22:58 AM","0x8f81085f33f91379b01069e64896a841f555ae8f","0xfbb1b73c4f0bda4f67dca266ce6ef42f520fbb98","1994.16789193"
"0xc602c6bf20d92093c7762e4d96dff91d9bf071e0d53145ae7acf935648f26a43","4062075","1500808978","7/23/2017 11:22:58 AM","0x1151314c646ce4e0efd76d1af4760ae66a9fe30f","0x1069f365bb928e26040d6e5ec765f7ea112fa677","1034.9"
"0x9eaba020e9aff1fdd84cec2520ffecdfbc806a506686cdce569d2e0409f0c2c3","4062075","1500808978","7/23/2017 11:22:58 AM","0x1151314c646ce4e0efd76d1af4760ae66a9fe30f","0x33abf50a31436d7e3a5ebfb1b0a1fc2c552c5591","2.9"
"0x6860c5b014013eac6398b84b34c3b2d58f822d9052462ec3ae9f2febbf60dd22","4062088","1500809225","7/23/2017 11:27:05 AM","0x1151314c646ce4e0efd76d1af4760ae66a9fe30f","0x8c7f79bd4140b4d3fb3100255ea3193bd5fb6cbb","457.26632321"
"0x0055633247d1a6d97314740f2babbecd6135844f30b880dc7a6ddb6aa518d2f2","4062092","1500809294","7/23/2017 11:28:14 AM","0xaab4cf9484de0d81ec8b704be1250668cbdcd0b1","0x791a6452625fb444a1edc33fca0686f54529ea5e","10000"
"0xfdf654c5bb590ff61d658bba8a349da66cce594edbf754fd27975dde4fb4a18c","4062093","1500809327","7/23/2017 11:28:47 AM","0x1069f365bb928e26040d6e5ec765f7ea112fa677","0x8737305011408648c0c2fc6ff831d566fbaac483","1034.9"
"0x2347bc141281dfb9c755d226cf4fa591c54e7666f0315d66d5984dc52878a79e","4062099","1500809389","7/23/2017 11:29:49 AM","0x1151314c646ce4e0efd76d1af4760ae66a9fe30f","0x33abf50a31436d7e3a5ebfb1b0a1fc2c552c5591","256.53182"
"0x6ea3063070d9c12af279f5c45ab022a6d7e6d7a70020ddcf47c4e3fb513ead50","4062101","1500809428","7/23/2017 11:30:28 AM","0x8c7f79bd4140b4d3fb3100255ea3193bd5fb6cbb","0xfbb1b73c4f0bda4f67dca266ce6ef42f520fbb98","457.26632321"
"0xb0b4948fce98930a09585ee326a18c67bf81a20100ef009b727476c149d4cdfd","4062106","1500809489","7/23/2017 11:31:29 AM","0x566dbfc7477171ca4311d001b5b8f2a5d6914e83","0x8d241151d07ede093ff80a2e12bf683725bd3865","999.5"
"0xdb3b6d46abfe7e66691b9d6d3b8a2e65bc4d84eaedb8964ec69137a4eb320ab2","4062106","1500809489","7/23/2017 11:31:29 AM","0xdd732eefff97ceefb39345be3e1bfe72f91867f2","0xad5389c97f6b4b31a41d6e9c2674e9eaf7d93fd4","999.5"
"0xb97edd3022beab4e42e0989f4cab083151d26100403ed5775c178e4db00c4e62","4062108","1500809540","7/23/2017 11:32:20 AM","0x1151314c646ce4e0efd76d1af4760ae66a9fe30f","0x56b4ead347db74550a27f923f3b2e058ec6d1d1b","3365.81"
"0xd4826075b0c3e25247174301b0a3d2dea6961c3359bcbfebb576206bb3197a46","4062110","1500809582","7/23/2017 11:33:02 AM","0x1151314c646ce4e0efd76d1af4760ae66a9fe30f","0x8f81085f33f91379b01069e64896a841f555ae8f","4339.45300676"
"0x778b548b516b9393805aa4e1ae8b298ad1297fd6c901b4a357a41281514f838b","4062119","1500809827","7/23/2017 11:37:07 AM","0x56b4ead347db74550a27f923f3b2e058ec6d1d1b","0xfbb1b73c4f0bda4f67dca266ce6ef42f520fbb98","3365.81"
"0xb853eb7c28f69b912a24a762e1568bad637a0bf2e40983f95f2c2d92643ad056","4062119","1500809827","7/23/2017 11:37:07 AM","0x8f81085f33f91379b01069e64896a841f555ae8f","0xfbb1b73c4f0bda4f67dca266ce6ef42f520fbb98","4339.45300676"
"0xa0a8ed8e89b8b8d792eaa8ea7897456d8a222fd4f05d5bb330e5a183d7bbd788","4062122","1500809867","7/23/2017 11:37:47 AM","0x1151314c646ce4e0efd76d1af4760ae66a9fe30f","0xfc55a938a349dc526a4d633a8395a82ca661820f","43.0146"
"0x33656aca5811fddb871f1110ec6ca604bf981e83fe0162ece78e5cbc877c9387","4062124","1500810015","7/23/2017 11:40:15 AM","0xff0cb0351a356ad16987e5809a8daaaf34f5adbe","0x26d20b48fea0030245e14474f6e8b2fec069bd73","267000"
"0xf89e5fa7b1e1589eb6323e7d95716a42e0c5c70c6ccd6f5da53958e45cc37bd6","4062130","1500810120","7/23/2017 11:42:00 AM","0x8d241151d07ede093ff80a2e12bf683725bd3865","0x8737305011408648c0c2fc6ff831d566fbaac483","999.5"
"0xbc83e27df2b7a4f997116aed78fc307e553396c7bd4541e57adb87eb57cfeba4","4062138","1500810267","7/23/2017 11:44:27 AM","0x7afafee880ae106d5fb69373d2073bd615b1dc96","0x963e4b12994fd844e2f91e5a63e116e864dcd3b2","999.5"
"0x6ba003fde9c9153e6505eb1d78059ff2f72dc42af0eb25d68cc4de8046f627d3","4062140","1500810334","7/23/2017 11:45:34 AM","0x1095761866b536ae8820302efe446fcb711cc9b6","0x065b5c2af9d3c92bdf71d12b69c48af8cf455431","2487.3156"
"0x853f913a31f70b52a18e409f0330f66d5147a50590b60926d544ea5beaf3e203","4062143","1500810409","7/23/2017 11:46:49 AM","0x2ebb507b1da5b2619515d542a8af27b0747a6bc2","0xc3fd84c560f7ed969bf9ddc2f2f69b1eaa0edaeb","499"
"0xbd54dadd54cb7ea052c60759a4b458d0e3fb76579bca5bc8c6d466579e3acc3e","4062146","1500810448","7/23/2017 11:47:28 AM","0x2c9480001c30d555d6815a8d54f85abc9cd8f514","0x3bf4f80fc15b59389906b45fe67f963a113e6b46","333"
"0xd5746868ce9f24a92360a6c96a1c5fb36b00233198a1db44099ddadfc49f80bf","4062153","1500810527","7/23/2017 11:48:47 AM","0x5e575279bf9f4acf0a130c186861454247394c06","0x62d1cef025d6d7c59655d90b3a7b3ece5719597e","1000.49544876"
"0xbe855c78cd7a914019d4bfffc523f38f474078179cfef38e439bf84a2d5a2c2f","4062157","1500810578","7/23/2017 11:49:38 AM","0x065b5c2af9d3c92bdf71d12b69c48af8cf455431","0x8737305011408648c0c2fc6ff831d566fbaac483","2487.3156"
"0x86fe71d3e12268ea5c3a07eedb547b465ce7dc988d26a0d4342475293267978a","4062162","1500810624","7/23/2017 11:50:24 AM","0x963e4b12994fd844e2f91e5a63e116e864dcd3b2","0x8737305011408648c0c2fc6ff831d566fbaac483","999.5"
"0xeb12f65aa8117796b9b0db431b3c150b096585c103af9840f2e811873ccd7d6b","4062164","1500810663","7/23/2017 11:51:03 AM","0xfbb1b73c4f0bda4f67dca266ce6ef42f520fbb98","0x1016fea904349056754edc2b1519b22e0b3d2ad8","5112.99"
"0x30c40a8d07d8614550728ecac6325d513af71a4e37974ba15ead0dd42470d7c2","4062167","1500810681","7/23/2017 11:51:21 AM","0xc3fd84c560f7ed969bf9ddc2f2f69b1eaa0edaeb","0x8737305011408648c0c2fc6ff831d566fbaac483","499"
"0x08708afdd33ee98e00378340d690f28e2a821e349d3ae1bd56875792b26dba15","4062172","1500810780","7/23/2017 11:53:00 AM","0x1151314c646ce4e0efd76d1af4760ae66a9fe30f","0x8f81085f33f91379b01069e64896a841f555ae8f","9822.38254532"
"0x3427866149e9f9d16d3503594b4b7cf2892ecce8bc3ce991ad9751d221c6b5c0","4062183","1500810933","7/23/2017 11:55:33 AM","0x8f81085f33f91379b01069e64896a841f555ae8f","0xfbb1b73c4f0bda4f67dca266ce6ef42f520fbb98","9822.38254532"
"0xe58df6393877ec6ef16730c84b83360c9edce0392ba9f6e448e188bbc4ec47a2","4062206","1500811331","7/23/2017 12:02:11 PM","0x00827deecc8570495559a6260a9b11221c0e55fa","0x4ec365f971a866674661026019569690e8a243a1","4000"
"0x1647bc46474bf21a67f7137f57c3540407299b5986ea2d643aeb5b3623976247","4062217","1500811589","7/23/2017 12:06:29 PM","0x2ebb507b1da5b2619515d542a8af27b0747a6bc2","0xc3fd84c560f7ed969bf9ddc2f2f69b1eaa0edaeb","8753.7274"
"0x95bc756714dbb4f926cbf6e60931044422c4a3e76b78b4ad7991f48e2f36cd6f","4062231","1500811800","7/23/2017 12:10:00 PM","0x8d12a197cb00d4747a1fe03395095ce2a5cc6819","0x443320c3a92193dd3d61ff41045971b2fd47aa68","319.659"
"0xea7e1db9a06d70a596e6e1e1bee157c7f7257dc6469d9d1c2047f5bcb38ac10c","4062232","1500811838","7/23/2017 12:10:38 PM","0x5e575279bf9f4acf0a130c186861454247394c06","0xba5058a9f7304595e0602e9794f28e56f80c6623","481.67575496"
"0x87e84fb0ed70e63b3f49c3fe68d10c6e7ddaa4024bc3836aeaa4a1c2c9759f8a","4062235","1500811880","7/23/2017 12:11:20 PM","0xc3fd84c560f7ed969bf9ddc2f2f69b1eaa0edaeb","0x8737305011408648c0c2fc6ff831d566fbaac483","8753.7274"
"0x2eba43b49efb3f64d268de320e9121eeda3121afe89a83df31cf3094447d6bfc","4062247","1500812171","7/23/2017 12:16:11 PM","0x1151314c646ce4e0efd76d1af4760ae66a9fe30f","0x8f81085f33f91379b01069e64896a841f555ae8f","2658.53343085"
"0x20264d96015919ba6fea577816b177f08efca18ef011624d219b7642e1781351","4062258","1500812336","7/23/2017 12:18:56 PM","0x8f81085f33f91379b01069e64896a841f555ae8f","0xfbb1b73c4f0bda4f67dca266ce6ef42f520fbb98","2658.53343085"
"0xb7e546b6729542fd33744192e6b81204e062925cfde009db14731fa1745f90ef","4062274","1500812625","7/23/2017 12:23:45 PM","0x1151314c646ce4e0efd76d1af4760ae66a9fe30f","0x8f81085f33f91379b01069e64896a841f555ae8f","1404.72336349"
"0xab0951518399846a31eed96058001b3c393a06de6460908a87a45a91911ab73f","4062278","1500812654","7/23/2017 12:24:14 PM","0x8f81085f33f91379b01069e64896a841f555ae8f","0xfbb1b73c4f0bda4f67dca266ce6ef42f520fbb98","1404.72336349"
"0x4e359c845b0343e054998d58397db4d281c1444d4c1b98779cba8d5549e7ca4a","4062297","1500812957","7/23/2017 12:29:17 PM","0xfbb1b73c4f0bda4f67dca266ce6ef42f520fbb98","0x33f3850c361dd83f432367dd63072e194c745f75","5165.99"
"0xed907b1294f87c5d418cd2c37df9e0d86f01a602ae049ce9592d0b2aa4e37f8e","4062313","1500813233","7/23/2017 12:33:53 PM","0x33f3850c361dd83f432367dd63072e194c745f75","0x8737305011408648c0c2fc6ff831d566fbaac483","5165.99"
"0x5af834c203df429da64fc5674a771dedbaf1061c5f9dd47d4f411ed8232b77f9","4062318","1500813336","7/23/2017 12:35:36 PM","0xfbb1b73c4f0bda4f67dca266ce6ef42f520fbb98","0x8e35476cd3ffbb631bb2433caf20f5afb6cdfd96","239.96511034"
"0xfdf2d164a89ee82d0c9a0234ede49286577f814457283f0506e104e690b230ac","4062319","1500813347","7/23/2017 12:35:47 PM","0x1151314c646ce4e0efd76d1af4760ae66a9fe30f","0x6a7e3b8c55d0a1b672ca960fa571cc9336d4e3bb","1859.9"
"0x1bf81248fd14efac1dff7e17f037b006eafd44cc5593c1fd77b2c351b34d4bc8","4062324","1500813438","7/23/2017 12:37:18 PM","0xfbb1b73c4f0bda4f67dca266ce6ef42f520fbb98","0x95f246c5272273fded45daa65503a999efdf9498","2439.99"
"0x52f89fd0cb4318beb612ed976ff26c233b87ff78351ae1004aba38a1119ecea5","4062326","1500813463","7/23/2017 12:37:43 PM","0x1151314c646ce4e0efd76d1af4760ae66a9fe30f","0x8f81085f33f91379b01069e64896a841f555ae8f","3159.79608712"
"0xae48d3b226cc441826e12d8295e3d1387c8db5e6aaf6c2b9e5ed6a0672f6188d","4062326","1500813463","7/23/2017 12:37:43 PM","0x1151314c646ce4e0efd76d1af4760ae66a9fe30f","0x3d07c77c3478592a1640a1ff41a83396e74b2b68","939.89100236"
"0x8cf6813eb0b2edfbbc89607601e9cc481939579113b2432882d6d9d2718521d8","4062333","1500813591","7/23/2017 12:39:51 PM","0xfbb1b73c4f0bda4f67dca266ce6ef42f520fbb98","0x61bd8eb94d90fc67a012526ea99b6703b526d514","100"
"0xe2148336a4388725a3ab52902cf97128b044271d44bb9f87014991ba9f5bf316","4062333","1500813591","7/23/2017 12:39:51 PM","0xfbb1b73c4f0bda4f67dca266ce6ef42f520fbb98","0x33f3850c361dd83f432367dd63072e194c745f75","5076.99"
"0x445826d63150ee528baa2cc353db1c56625314cc30c40bad3382406881e9d1ba","4062333","1500813591","7/23/2017 12:39:51 PM","0x8f81085f33f91379b01069e64896a841f555ae8f","0xfbb1b73c4f0bda4f67dca266ce6ef42f520fbb98","3159.79608712"
"0x6d8550d53dda4c5b1773046e63be0f685b40d21111d9d7ff1498228182f62677","4062337","1500813618","7/23/2017 12:40:18 PM","0x8e35476cd3ffbb631bb2433caf20f5afb6cdfd96","0x8737305011408648c0c2fc6ff831d566fbaac483","239.96511034"
"0x6371bda655c19e57abecfc143fd0ab71436b58f428cb112bab05041db993a2c0","4062338","1500813657","7/23/2017 12:40:57 PM","0x6a7e3b8c55d0a1b672ca960fa571cc9336d4e3bb","0x8737305011408648c0c2fc6ff831d566fbaac483","1859.9"
"0xa56091fad7b3b8c26519f677661c7d9aa62d862da1a71a5a1b0034877c0fc694","4062338","1500813657","7/23/2017 12:40:57 PM","0x3d07c77c3478592a1640a1ff41a83396e74b2b68","0x5e575279bf9f4acf0a130c186861454247394c06","939.89100236"
"0x8189e9437ed5c2964dd969dcdfc8001649586da2f2e2f4587629bdf69192f115","4062342","1500813712","7/23/2017 12:41:52 PM","0x1151314c646ce4e0efd76d1af4760ae66a9fe30f","0x782060bc47743fa62bcd4dfd65a0be2f9b068be8","150"
"0x7cb1d0ac7638b3e4bddd5cbffb2a105df5df21f18fc2dad436b5ebc052fbd887","4062350","1500813756","7/23/2017 12:42:36 PM","0x33f3850c361dd83f432367dd63072e194c745f75","0x8737305011408648c0c2fc6ff831d566fbaac483","5076.99"
"0xa0c99b33698fd45cedd5bd395a9bfd3a57a70c8f12bc81b10869d77a1d4a7db3","4062351","1500813771","7/23/2017 12:42:51 PM","0x8737305011408648c0c2fc6ff831d566fbaac483","0xaab4cf9484de0d81ec8b704be1250668cbdcd0b1","14955"
"0x3f66430ced137d81bcc252180546020132ae5dd2a7705fa252127cbedfbef978","4062357","1500813932","7/23/2017 12:45:32 PM","0xfbb1b73c4f0bda4f67dca266ce6ef42f520fbb98","0xd7a1cf3df625882855e1c6c4d3fc34338568d8d3","207.98167831"
"0x29e73ca6f058abd22871ef94b05e3e560937dab63b3b284e74820d5b703d16df","4062376","1500814196","7/23/2017 12:49:56 PM","0xfbb1b73c4f0bda4f67dca266ce6ef42f520fbb98","0x017e0e851c74e17228a2f96c870b5995aaafd2b5","607.5733714"
"0x9fa41a1260dbfa6c4b3183af379cba5a324a31bc0145d775eb7e223f1ebb1d91","4062376","1500814196","7/23/2017 12:49:56 PM","0xfbb1b73c4f0bda4f67dca266ce6ef42f520fbb98","0x33f3850c361dd83f432367dd63072e194c745f75","4992.99"
"0xf81116690a3ea72f2d4176fb497a5152eb06aa7fe98bf99e13e18ecc2de7904e","4062396","1500814523","7/23/2017 12:55:23 PM","0x33f3850c361dd83f432367dd63072e194c745f75","0x8737305011408648c0c2fc6ff831d566fbaac483","4992.99"
"0x334a7d039f38fca930faa0828b28a9f4d56d55bf10d5d42abe2540e6732f5bd2","4062396","1500814523","7/23/2017 12:55:23 PM","0x017e0e851c74e17228a2f96c870b5995aaafd2b5","0x8737305011408648c0c2fc6ff831d566fbaac483","607.5733714"
"0x32ec5b6facf2c11b08f4c53a0bc7e0cbae28b28be153fb8d2a5d32ef2215c4c4","4062413","1500814720","7/23/2017 12:58:40 PM","0x1151314c646ce4e0efd76d1af4760ae66a9fe30f","0x6a7e3b8c55d0a1b672ca960fa571cc9336d4e3bb","1919"
"0xfdd6c945cc342e99130bb68fd0427211e34964a251bf2b89de9dcaac23b8b2f1","4062416","1500814804","7/23/2017 1:00:04 PM","0x1151314c646ce4e0efd76d1af4760ae66a9fe30f","0x8f81085f33f91379b01069e64896a841f555ae8f","2132.69762089"
"0x654e0a1221a007157ed021b7b7d020aa261a0a6dbf513cd6f303c6c29369385e","4062421","1500814903","7/23/2017 1:01:43 PM","0x1151314c646ce4e0efd76d1af4760ae66a9fe30f","0x6cd9a96a155edeb492e5f6f4e58b867eac0d8da2","4197.4"
"0x2dc88cdeb110a94ced6557dda63a367bd0ee130483b62a8a0b7127c40fc423a8","4062421","1500814903","7/23/2017 1:01:43 PM","0xfbb1b73c4f0bda4f67dca266ce6ef42f520fbb98","0x017e0e851c74e17228a2f96c870b5995aaafd2b5","1237.46150739"
"0x3682aa9409e0acc6a1b86ad0b1277b61294d43eb17321ae90d2914da99f878de","4062423","1500815002","7/23/2017 1:03:22 PM","0x7998a86f97bf5b5ae7c1b1d70bfdb111b79fc96d","0xfb17fd973963595de312b9e75b367e9cd677a4ba","500"
"0xda754c09c39f0908679e138b26b9d4baa2723d148c9c4cd674d48c2084c907f0","4062424","1500815016","7/23/2017 1:03:36 PM","0x8f81085f33f91379b01069e64896a841f555ae8f","0xfbb1b73c4f0bda4f67dca266ce6ef42f520fbb98","2132.69762089"
"0x4cdb5df7ff204dedf1debcb54d978d76504ee73565090b5c405d6e7298d2ccff","4062424","1500815016","7/23/2017 1:03:36 PM","0xfbb1b73c4f0bda4f67dca266ce6ef42f520fbb98","0x33f3850c361dd83f432367dd63072e194c745f75","4883.99"
"0xaab9fd300fc124b39a658e939ecc0766f48f54a2af34914a75923c315839313f","4062429","1500815072","7/23/2017 1:04:32 PM","0x6a7e3b8c55d0a1b672ca960fa571cc9336d4e3bb","0x8737305011408648c0c2fc6ff831d566fbaac483","1919"
"0x05745522e298c587f5ee13ac65c49a808da1479901740d62a3178d93d8785bb4","4062434","1500815137","7/23/2017 1:05:37 PM","0xfbb1b73c4f0bda4f67dca266ce6ef42f520fbb98","0xcd3b79e54ad58e76a1d1e37de00414a09fd4291f","1641.37508369"
"0x04914144dccdc00c7c96a74450d2db74cce7083292706ec72f9b565a78cec6fe","4062441","1500815204","7/23/2017 1:06:44 PM","0x017e0e851c74e17228a2f96c870b5995aaafd2b5","0x8737305011408648c0c2fc6ff831d566fbaac483","1237.46150739"
"0x4bf5bfff0a4f6dcc1ef8751bec9298ee4cc956486fd3aeea9dc4a83174e931d2","4062441","1500815204","7/23/2017 1:06:44 PM","0x6cd9a96a155edeb492e5f6f4e58b867eac0d8da2","0x8737305011408648c0c2fc6ff831d566fbaac483","4197.4"
"0x1f14262174df75900fcfa3b4c040cab5b2e5c76f1fb05864953d1470d38d579a","4062443","1500815265","7/23/2017 1:07:45 PM","0xfbb1b73c4f0bda4f67dca266ce6ef42f520fbb98","0x05c4a334a95f4e31bc8dd685a1b27b05818cbb2d","8164.84905252"
"0x56f6333e8bb71a70f3c06615f90fb3b9176edca8f59b604ebf900ff4810517ba","4062448","1500815329","7/23/2017 1:08:49 PM","0xfb17fd973963595de312b9e75b367e9cd677a4ba","0x8737305011408648c0c2fc6ff831d566fbaac483","500"
"0x80c899dc7d73baecaebd8ced29d93f30b1088042703486e91e463b714f982470","4062448","1500815329","7/23/2017 1:08:49 PM","0x33f3850c361dd83f432367dd63072e194c745f75","0x8737305011408648c0c2fc6ff831d566fbaac483","4883.99"
"0x41e5845c771ba0431bf1a548e553dd8b1b09fc6aa841a0d6e2070d1610910383","4062450","1500815368","7/23/2017 1:09:28 PM","0xcd3b79e54ad58e76a1d1e37de00414a09fd4291f","0x8737305011408648c0c2fc6ff831d566fbaac483","1641.37508369"
"0xb9bdec9f818cdc1805668d91cd42178e70796d7c9f3b6e332b92e31bc3f128b2","4062452","1500815375","7/23/2017 1:09:35 PM","0xfbb1b73c4f0bda4f67dca266ce6ef42f520fbb98","0x33f3850c361dd83f432367dd63072e194c745f75","4991.99"
"0x9da79ecaf899290eef63c2a4c782ea71b7ceb9cfeb4641fbe4acdead264f02a0","4062465","1500815602","7/23/2017 1:13:22 PM","0x05c4a334a95f4e31bc8dd685a1b27b05818cbb2d","0x8737305011408648c0c2fc6ff831d566fbaac483","8164.84905252"
"0x9cc8120b968643f76cc41b47b4dcc173c0dae21d44e65247e8cc4d430f3557cd","4062470","1500815725","7/23/2017 1:15:25 PM","0x33f3850c361dd83f432367dd63072e194c745f75","0x8737305011408648c0c2fc6ff831d566fbaac483","4991.99"
"0xc50a2f56a395597c03bae02d2606316be74ce1e742a00d1ecd88bed09180142d","4062474","1500815833","7/23/2017 1:17:13 PM","0x1151314c646ce4e0efd76d1af4760ae66a9fe30f","0x2c3089198b48663ac124480cbd533953179ac8a9","2497.9"
"0x9de2946043f110984d446d8d6ec9a9c261bd04c5b568f4bbf0c7baf0edf00e1f","4062482","1500816053","7/23/2017 1:20:53 PM","0x1151314c646ce4e0efd76d1af4760ae66a9fe30f","0x6a7e3b8c55d0a1b672ca960fa571cc9336d4e3bb","2509.94"
"0xbd6c51bc315f380aa3cb5fe944c6c3ba09047af4a214443790d3daa1f62356e1","4062499","1500816462","7/23/2017 1:27:42 PM","0x6a7e3b8c55d0a1b672ca960fa571cc9336d4e3bb","0x8737305011408648c0c2fc6ff831d566fbaac483","2509.94"
"0xe786d58b13dfca379576b15c687cb757d46976852f6cd3017cf9aad59440ecd1","4062521","1500816834","7/23/2017 1:33:54 PM","0xfbb1b73c4f0bda4f67dca266ce6ef42f520fbb98","0x70e19a5dac398057493411907e76a75edba323ce","1.99"
"0xf0106dc30ab992bb758ffc80a74db552289c89629c87bae04fd86e6776186f72","4062521","1500816834","7/23/2017 1:33:54 PM","0x1151314c646ce4e0efd76d1af4760ae66a9fe30f","0x1069f365bb928e26040d6e5ec765f7ea112fa677","1124.01038833"
"0xf16eb5dd4f68ff21c2a7077db797fab82dfe87e06f02ca92e424e51b7473934e","4062532","1500817094","7/23/2017 1:38:14 PM","0xfbb1b73c4f0bda4f67dca266ce6ef42f520fbb98","0x002b015a6145963b2653894f6ff142318f7ea030","9740.3240644"
"0x50600cea97b59c74daff61653a706832fbab38bc9d13ed36249a645fcda1d9aa","4062538","1500817194","7/23/2017 1:39:54 PM","0xfbb1b73c4f0bda4f67dca266ce6ef42f520fbb98","0x70e19a5dac398057493411907e76a75edba323ce","94.66701422"
"0x6b6c2703e89e3fce6b67263f5931e29370d7cfdfec69cd1d68ce173dbf639a9c","4062540","1500817223","7/23/2017 1:40:23 PM","0x1069f365bb928e26040d6e5ec765f7ea112fa677","0x8737305011408648c0c2fc6ff831d566fbaac483","1124.01038833"
"0x6d7b55018ee9a17db3f1ad931eecf489e209184388102a0be516b925db828678","4062574","1500817805","7/23/2017 1:50:05 PM","0x2ebb507b1da5b2619515d542a8af27b0747a6bc2","0xb076e028a120b7977c22cd06efacddc86d260ca4","1055.7143"
"0x4f8ff0ae2954ed702e29d1b0d149acd2a9066feb91ee925044a4990bdd723a61","4062589","1500818029","7/23/2017 1:53:49 PM","0x1151314c646ce4e0efd76d1af4760ae66a9fe30f","0x8f81085f33f91379b01069e64896a841f555ae8f","1601.9686335"
"0xf561b9ddac054444d9be54d073526766839bb83792583bb2e47be7b621e41754","4062600","1500818127","7/23/2017 1:55:27 PM","0xb076e028a120b7977c22cd06efacddc86d260ca4","0x8737305011408648c0c2fc6ff831d566fbaac483","1055.7143"
"0xa66bbd5395d72d793752effa43a81c3495df004a2515095bbe5c1b1e6b76df19","4062607","1500818302","7/23/2017 1:58:22 PM","0x8f81085f33f91379b01069e64896a841f555ae8f","0xfbb1b73c4f0bda4f67dca266ce6ef42f520fbb98","1601.9686335"
"0x6e30ebdb621cf0797c08b72c9971042da1f0eede372e246a3f0294d90e414563","4062607","1500818302","7/23/2017 1:58:22 PM","0xfbb1b73c4f0bda4f67dca266ce6ef42f520fbb98","0xe0454bf070397cee5f525e74379c65f63c0384c8","237.66490995"
"0x6a12ece8996b96a65546002fac71c372a0df9dcad603a4a9c1fa379a5e677677","4062611","1500818353","7/23/2017 1:59:13 PM","0x411df9f08a90451561e32b76b1abf1516cbfeec9","0x14e49e5e4b9be1b660c03de5a6dab2b83a1d3dd9","635"
"0xb18ee89a1d1e752b2894b8dbe59157304feb16546afc7167cdc7b715bf15d042","4062630","1500818650","7/23/2017 2:04:10 PM","0x5e575279bf9f4acf0a130c186861454247394c06","0xac6aec31a263409e19c4907f09f013ce45c9aad4","270"
"0x2dc5eb61ff4e6cc4a773a959f7d1e0c202a9b70874cd480b7bb807e1723b863a","4062635","1500818734","7/23/2017 2:05:34 PM","0x14e49e5e4b9be1b660c03de5a6dab2b83a1d3dd9","0xfbb1b73c4f0bda4f67dca266ce6ef42f520fbb98","635"
"0xf7c759337e993661d44118a0329d75c66630c202a50a83ef190d05a01cc3787e","4062642","1500818884","7/23/2017 2:08:04 PM","0x1151314c646ce4e0efd76d1af4760ae66a9fe30f","0x8f81085f33f91379b01069e64896a841f555ae8f","1395.23926987"
"0xcba07e7f2fc9a26c6b2270e56281ebee2c290ca19b5e9648a7e5148b44d6f3c2","4062645","1500819015","7/23/2017 2:10:15 PM","0x8737305011408648c0c2fc6ff831d566fbaac483","0x643f61c98ff180f3ec64df9a02c526c5c66c2a14","576.7614093"
"0x666f8742082246043b5c2d63079fa814d8b6cdab37a720a25265a3c9925b20c3","4062654","1500819104","7/23/2017 2:11:44 PM","0x1151314c646ce4e0efd76d1af4760ae66a9fe30f","0x8f81085f33f91379b01069e64896a841f555ae8f","5203.05606596"
"0x7bc1a39dfc53869191dacd77e7231a2eb37e59ebaac78eef526745a8965c6391","4062659","1500819213","7/23/2017 2:13:33 PM","0x4da4ee0ffa7dda1761d4d2ac0da11f382df2f23a","0xa87f50f3cbfc963198d26bfa80167fea6d385601","16.82518"
"0x1f59d80bb3141314138c723f3f074d3dd472d2eb1621a74f6f913245a7a0a131","4062661","1500819247","7/23/2017 2:14:07 PM","0xfbb1b73c4f0bda4f67dca266ce6ef42f520fbb98","0x233613afdc29fd4c9e7aa0badc45c241f24236c2","1977.90646048"
"0xe676dce2f93db939167dae7405059469c51f451312e81211dd7a53b40bca0da5","4062661","1500819247","7/23/2017 2:14:07 PM","0x8f81085f33f91379b01069e64896a841f555ae8f","0xfbb1b73c4f0bda4f67dca266ce6ef42f520fbb98","1395.23926987"
"0xb14b630c80bfcbd0429a285b18d4e1ec48baf2c1fe4c40fa0b1623045de732ec","4062668","1500819344","7/23/2017 2:15:44 PM","0x1151314c646ce4e0efd76d1af4760ae66a9fe30f","0x8f81085f33f91379b01069e64896a841f555ae8f","1667.6809441"
"0x587d0ecd349b3b4a7397b314bc29dc0baa139a6ac7b65d0b72f5db83eac93502","4062693","1500819886","7/23/2017 2:24:46 PM","0x8f81085f33f91379b01069e64896a841f555ae8f","0xfbb1b73c4f0bda4f67dca266ce6ef42f520fbb98","6870.73701006"
"0x9702376e7fb489d406bbc45ae041cfc4bcd94775e4e82170105b603f8fe8d4ef","4062697","1500819972","7/23/2017 2:26:12 PM","0xfbb1b73c4f0bda4f67dca266ce6ef42f520fbb98","0x0ed7b12462d131aa54337ae928417b216b749bbe","373.67605194"
"0xfa29588a1a70d01c553f54bfabdbd0c984341f12caeee1395eabe12473c46aea","4062709","1500820188","7/23/2017 2:29:48 PM","0xfbb1b73c4f0bda4f67dca266ce6ef42f520fbb98","0x69ec5f9ad51e4152018eb2751b65355553358b58","24.11232213"
"0x9384e55956fa2d4b00788a4bd7f238f92c392ce0c426a398c09f8b6326691587","4062722","1500820463","7/23/2017 2:34:23 PM","0x8737305011408648c0c2fc6ff831d566fbaac483","0x44447679834d077f825d4d4f896ec240201c64c0","497.503"
"0x27e826b79d812ccfb34aae45586898322c8170ed5b36ccc9e8f11689f2a2aeaa","4062722","1500820463","7/23/2017 2:34:23 PM","0x5e575279bf9f4acf0a130c186861454247394c06","0xf2957c1f5530342872297fdb08cdb5bec2d8edfc","1295.30225931"
"0xdf63b66352f2e4c79264c1edbd8595dc0cabc77b3744963c898034274db371fc","4062725","1500820521","7/23/2017 2:35:21 PM","0x69ec5f9ad51e4152018eb2751b65355553358b58","0x8737305011408648c0c2fc6ff831d566fbaac483","24.11232213"
"0x47f03340270f30d0d7bce9800c9857f0118762c39fcb54249ba3e3fba926ec00","4062726","1500820535","7/23/2017 2:35:35 PM","0xfbb1b73c4f0bda4f67dca266ce6ef42f520fbb98","0xb45cf8f840cb83a50a7731d2aa9f09b67e31512c","28293.22745399"
"0xc2121672327dd74932331d926a2838d8fad4582f1e9d8b4351d276b42d0bf477","4062726","1500820535","7/23/2017 2:35:35 PM","0xfbb1b73c4f0bda4f67dca266ce6ef42f520fbb98","0x69ec5f9ad51e4152018eb2751b65355553358b58","2754.61223815"
"0xbebde4b5006c16e1c039ee929827c4325e64e931c8497ed45388441b2a165225","4062727","1500820560","7/23/2017 2:36:00 PM","0xf2957c1f5530342872297fdb08cdb5bec2d8edfc","0xfbb1b73c4f0bda4f67dca266ce6ef42f520fbb98","1295.30225931"
"0xb7744c343f3f52ffcf22d19a47871923c51e04e6ed5b22d1cfe35bb1b86f7675","4062737","1500820718","7/23/2017 2:38:38 PM","0x1151314c646ce4e0efd76d1af4760ae66a9fe30f","0x8f81085f33f91379b01069e64896a841f555ae8f","4865.70347049"
"0x418ea64ceb05f3017938cbe51af46f773d0bfc9d6921a45b5d39fc4c5f335de8","4062742","1500820821","7/23/2017 2:40:21 PM","0x69ec5f9ad51e4152018eb2751b65355553358b58","0x8737305011408648c0c2fc6ff831d566fbaac483","2754.61223815"
"0x0b9c2ef246b740f362bda39b7fdebb7fdf4b3a6bb1f4eeab5589e32a176ebfbd","4062744","1500820907","7/23/2017 2:41:47 PM","0x4d9daa6433c921a63f8e8b29ef59ca68328e9620","0x3568bd84a0d6e99cca50ee4bf0f612f603eff48e","1592.80875039"
"0xbf0f97b77d7858e76fee4cc0d39f37236a209c7998e16a0ab66686b021c0ef79","4062744","1500820907","7/23/2017 2:41:47 PM","0x8737305011408648c0c2fc6ff831d566fbaac483","0xd7c7fceb695d5efbcb89f4d5c8527b0a674a401e","1605.9977094"
"0xa45e0c42adc4fc3f598ac3cfb19d90bfe80e9073abdf9df1335c96d311f7c14f","4062744","1500820907","7/23/2017 2:41:47 PM","0x8737305011408648c0c2fc6ff831d566fbaac483","0xcc295c01af27a525096c0b3fb14040ab0b5b7e98","1376.729384"
"0x58513cdb98ba1c311e1f784e6c04a456ccf537912d949369f46a5fca3d452bde","4062755","1500821051","7/23/2017 2:44:11 PM","0x3568bd84a0d6e99cca50ee4bf0f612f603eff48e","0xfbb1b73c4f0bda4f67dca266ce6ef42f520fbb98","1592.80875039"
"0x862241a9589e35b531731cc1722cd1344f5c94e5b84d40675312826c81b3d1dd","4062763","1500821183","7/23/2017 2:46:23 PM","0x5e575279bf9f4acf0a130c186861454247394c06","0xb75484c5c4456ccc9ace88ca79d98ed38c1e0c38","1629.6125"
"0xee7fd3e3e5286bc1bff59ac12855f69d5c5e820c4987fb19dd81c2a861c0feea","4062765","1500821246","7/23/2017 2:47:26 PM","0x5371e4af541fa24667f2292fd81918d0255f5bf1","0x331b848a32f05c86fc53fe3e5435297ee25dc4c7","10"
"0x7aa1bc3d667410fb8a4b587d9a557efb6afba840977302fce2cb935b2d26444f","4062767","1500821274","7/23/2017 2:47:54 PM","0xfbb1b73c4f0bda4f67dca266ce6ef42f520fbb98","0xeceaea57dcc762a3e95c1189492fc2ec02eac826","1923.54730005"
"0x9eb31833be1d891d038ef965d2a93a54a0eafd6441736b7cf8d73a44161b65ad","4062768","1500821288","7/23/2017 2:48:08 PM","0x5e575279bf9f4acf0a130c186861454247394c06","0xdc1f117c8a715873028ce2c4628f528b20ccc9b5","7.35229896"
"0x5f545e373eddd2344b7a2f63aa7f8bd7c889989d0efdf7870338f252dd6f2de6","4062776","1500821489","7/23/2017 2:51:29 PM","0xb75484c5c4456ccc9ace88ca79d98ed38c1e0c38","0xfbb1b73c4f0bda4f67dca266ce6ef42f520fbb98","1629.6125"
"0x38708c3aaec536bd42bb2dcedf3df9199b48a29697c943b3095f349c3985cd05","4062787","1500821662","7/23/2017 2:54:22 PM","0x331b848a32f05c86fc53fe3e5435297ee25dc4c7","0x8737305011408648c0c2fc6ff831d566fbaac483","10"
"0x1435b0c4d9fbcb34bc702f7c15603ef596910fc2f4bfd762e960861e604a1a7b","4062788","1500821680","7/23/2017 2:54:40 PM","0x8737305011408648c0c2fc6ff831d566fbaac483","0xecea64d1caf164592478e52c4c84a90c9934ab44","3334.965"
"0x1987d99e71fb595e021ee25973ad1b1296d282d6ba03c5ee9e59edf3ca2ecaac","4062789","1500821721","7/23/2017 2:55:21 PM","0x1151314c646ce4e0efd76d1af4760ae66a9fe30f","0x740583715768d348f2f0e69c993b80ff50f110e3","1999.9"
"0x91fe3ac9748a40d24594d941000cb69d1d4d61aaf4bc5f73217c47f0bd34a237","4062794","1500821786","7/23/2017 2:56:26 PM","0x4fa3ebaafddb6d185294f2772c4dfb648488451c","0xd98f59bb55ecd61540bd405a93358d5e1ce0dc7c","299.54579087"
"0x4fe7e640ef3a04672a77ade1c4d8d0b66f615552785293acdbd7c41ee17b2648","4062796","1500821798","7/23/2017 2:56:38 PM","0x8737305011408648c0c2fc6ff831d566fbaac483","0xf4e111066167837d98eebb7e128d9d00e5d94abf","1099.8796324"
"0xdbe7aed6f48794b7c3ef8d6bc2ba8d5f6d3e58ce51697d2a4e704157f9702523","4062808","1500821965","7/23/2017 2:59:25 PM","0x740583715768d348f2f0e69c993b80ff50f110e3","0x8737305011408648c0c2fc6ff831d566fbaac483","1999.9"
"0x42ff4d02569fae7d7e6b9baab8821b867cc776f00efc24a338f284cf0e089ba1","4062812","1500822012","7/23/2017 3:00:12 PM","0xecea64d1caf164592478e52c4c84a90c9934ab44","0xfbb1b73c4f0bda4f67dca266ce6ef42f520fbb98","3334.965"
"0x4448a6ce434459f905530caf09cf44c2ec8d5bfe5f0a447987f6b2982814054c","4062812","1500822012","7/23/2017 3:00:12 PM","0xd98f59bb55ecd61540bd405a93358d5e1ce0dc7c","0xfbb1b73c4f0bda4f67dca266ce6ef42f520fbb98","299.54579087"
"0xe2f7be8e984778141ffb7b8d84351e7a44dc2ddd84ea04bde7baee963adfbc36","4062823","1500822157","7/23/2017 3:02:37 PM","0x6b282d63062daf8de00619bcbec95550699d2763","0x416ac6dbbcd4713f32bca2f47616063f02ba9d3a","1915"
"0xc9847fe1715d4be23720345d97c8d1655f349cde7bb3e137a9177f54b41d1823","4062828","1500822247","7/23/2017 3:04:07 PM","0x8737305011408648c0c2fc6ff831d566fbaac483","0x37e630b247cc82dba7eacc3103456f9f74812819","3380.827"
"0xea83e83d28c74c557f32ab1f6152e1340d0de200fbcb3c805412bad5415f87b7","4062829","1500822280","7/23/2017 3:04:40 PM","0x5371e4af541fa24667f2292fd81918d0255f5bf1","0x331b848a32f05c86fc53fe3e5435297ee25dc4c7","989.5"
"0x194da77deeeaf117ba73e1da296708dd895e7397837b0fadcfe13422b5473014","4062832","1500822406","7/23/2017 3:06:46 PM","0x4fa3ebaafddb6d185294f2772c4dfb648488451c","0x3568bd84a0d6e99cca50ee4bf0f612f603eff48e","8157.76238466"
"0xeaed7e56f8e0dbbbdd22d91bf8bff27e6585820c449e0e63292f2f939b4e5785","4062841","1500822560","7/23/2017 3:09:20 PM","0x416ac6dbbcd4713f32bca2f47616063f02ba9d3a","0x8737305011408648c0c2fc6ff831d566fbaac483","1915"
"0x1a30fd17d1918ea889d6ceddf8fa690bcb9b992fc9b26cb289637b6100038863","4062846","1500822692","7/23/2017 3:11:32 PM","0x331b848a32f05c86fc53fe3e5435297ee25dc4c7","0x8737305011408648c0c2fc6ff831d566fbaac483","989.5"
"0x940026a101e7532f5d1ae50c2ffe48f6bfe30c4f7ad4396d4e7fb654f0b3261b","4062847","1500822706","7/23/2017 3:11:46 PM","0x3568bd84a0d6e99cca50ee4bf0f612f603eff48e","0xfbb1b73c4f0bda4f67dca266ce6ef42f520fbb98","8157.76238466"
"0xbd9bff75c89f8d90919f7645e162bcefcf94d5add0709eba0610d66bbc4cc155","4062852","1500822883","7/23/2017 3:14:43 PM","0x2ebb507b1da5b2619515d542a8af27b0747a6bc2","0x2852e91ad4ea097befd4baceae1a989e1001c65e","9980.7784"
"0xa5ca452408a33067e0d051b9dd7d97b300735566323c8c8ffa5c1c851cc7f644","4062856","1500822979","7/23/2017 3:16:19 PM","0xdc10c55645291df1f9313376bbf3664d2ae57fe6","0x132d433df76bc7162f959b9045a8b8c2c2c2d6af","999.5"
"0xf4c9fba84d44d3cfb910f3ebbb043c5070609100b3062128b88abcc601493a0a","4062856","1500822979","7/23/2017 3:16:19 PM","0x2ebb507b1da5b2619515d542a8af27b0747a6bc2","0x91e93e427f6191a25e92e7780d42532ebf5c4ab6","1380.4535"
"0x80592c8b4b85abb819b693b3846ab1ad5744075806496de22413787733c3ed05","4062856","1500822979","7/23/2017 3:16:19 PM","0x4d9daa6433c921a63f8e8b29ef59ca68328e9620","0x1cdbc7ddfdf02615dfb3b271538d11cf0c28a039","879.70708366"
"0x9de9b7e3040f072b4f9a31602096233b5089328ab5024bcefa1b00e535937b59","4062862","1500823074","7/23/2017 3:17:54 PM","0x8737305011408648c0c2fc6ff831d566fbaac483","0xf4e111066167837d98eebb7e128d9d00e5d94abf","6558.7810502"
"0x4815daf1817d7d8dfd34db3646cf5cad44830a2a3d209da74b5925fa7645cffd","4062863","1500823110","7/23/2017 3:18:30 PM","0xfbb1b73c4f0bda4f67dca266ce6ef42f520fbb98","0xe59a01eb6db5e0490c6cff9c2dd6132365e8d91b","39.17642477"
"0xa5d5c58dd8c18ca8af98cbd1af1c462366fdd9b1743e99410d4e673a5f383e9c","4062863","1500823110","7/23/2017 3:18:30 PM","0xce9450f366bb61874f90484d05f30cc44c1d72dd","0xac4202a5eb77f9165bcc973e9b3496b7f3dafa31","15000"
"0xdf2d8bccabcc764c5ad05abbc82d27fd71a6eb608a601b772887c66b98df0bca","4062865","1500823125","7/23/2017 3:18:45 PM","0xfbb1b73c4f0bda4f67dca266ce6ef42f520fbb98","0x450f5f260559e4861cd703b61bb9e5e0c622ef29","24.99"
"0x036f2128cfc13953af49093825f7eecf4e6b2bcf7f7c3722a7b481efbfd22dfa","4062867","1500823188","7/23/2017 3:19:48 PM","0x8737305011408648c0c2fc6ff831d566fbaac483","0xab6b908e503e3b5d8d780fafbf6ccdd4a0215619","8500.422"
"0xd60badbbfbc97cacb55c680c5af3a94c88b44b377a264bf1766df8b9792d78c3","4062868","1500823218","7/23/2017 3:20:18 PM","0xfbb1b73c4f0bda4f67dca266ce6ef42f520fbb98","0x450f5f260559e4861cd703b61bb9e5e0c622ef29","24.99"
"0x2bdf73acb38f22b2f6aaca574658b26e5944b9fd114bc281b2da1897695df9f2","4062870","1500823260","7/23/2017 3:21:00 PM","0x1cdbc7ddfdf02615dfb3b271538d11cf0c28a039","0x1151314c646ce4e0efd76d1af4760ae66a9fe30f","879.70708366"
"0x3092e140d5400382f2fff817f6b87df0ddf5dbcf85b7c4800edad6e5f2486c7a","4062870","1500823260","7/23/2017 3:21:00 PM","0x91e93e427f6191a25e92e7780d42532ebf5c4ab6","0x1151314c646ce4e0efd76d1af4760ae66a9fe30f","1380.4535"
"0x794a9b2a6dc2ad9160b1012d51e07d9ad357903201726a01e91d54925f955fe7","4062870","1500823260","7/23/2017 3:21:00 PM","0x5e575279bf9f4acf0a130c186861454247394c06","0xf4edb77f1fb5a414f83c9db925c4ed8da87b0f90","14845.2657022"
"0x7ca25798a114a2b0080199d3656645eda4c4b1e268cd00e94565db191d79d223","4062870","1500823260","7/23/2017 3:21:00 PM","0x8737305011408648c0c2fc6ff831d566fbaac483","0xd685c01a2a6e082baa5d1b666d1e6c1e4bf8e8d6","1000.0805306"
"0x793b79a3378da1b99d7ab7e8030fda2e7bcd2bc23404e261d0c79b3e795dd0ac","4062872","1500823283","7/23/2017 3:21:23 PM","0x8737305011408648c0c2fc6ff831d566fbaac483","0xecea64d1caf164592478e52c4c84a90c9934ab44","1955.7152"
"0xe6f4f1ba75e300e63afe286ec7b273fc71cb33881b8270f31700096083e9c5dd","4062890","1500823549","7/23/2017 3:25:49 PM","0xecea64d1caf164592478e52c4c84a90c9934ab44","0xfbb1b73c4f0bda4f67dca266ce6ef42f520fbb98","1955.7152"
"0x673cac51cf9a16451c0402995f997011f800f3fdd4e6fd97da524fec6f375155","4062890","1500823549","7/23/2017 3:25:49 PM","0x132d433df76bc7162f959b9045a8b8c2c2c2d6af","0xfbb1b73c4f0bda4f67dca266ce6ef42f520fbb98","999.5"
"0x2970eb859d99e2ae95c83fcdaaa15aed2a38a3d45551b70a6f6b7f8ffd787044","4062892","1500823579","7/23/2017 3:26:19 PM","0x4d9daa6433c921a63f8e8b29ef59ca68328e9620","0xd98f59bb55ecd61540bd405a93358d5e1ce0dc7c","289.23574581"
"0x65296cc33f126b69e7dbb7fad3b38c35cfcffb25550be748efe6b16f4b94c9b7","4062892","1500823579","7/23/2017 3:26:19 PM","0xce9450f366bb61874f90484d05f30cc44c1d72dd","0xbd7f4c9cd74de8f37eda3e5a5fe878b2b9aad3b0","28357"
"0xbb68edd613fbcd56e285c14f9037b4486720a31d711ff5832640576d6bffb2e6","4062892","1500823579","7/23/2017 3:26:19 PM","0x2ebb507b1da5b2619515d542a8af27b0747a6bc2","0x505cd7e59a64487bfadd420a9913761edc9abaed","1001.992"
"0x13c21164c93e66c4378540131c694a6b7aac024fab5e92cc0310fb053ad848a5","4062900","1500823751","7/23/2017 3:29:11 PM","0x2ebb507b1da5b2619515d542a8af27b0747a6bc2","0x91e93e427f6191a25e92e7780d42532ebf5c4ab6","1107.78"
"0xb92ef7f124cdf8421aa81449d7ecadb235bf7b4337a3c23a8cd36af15dc5cdcf","4062901","1500823804","7/23/2017 3:30:04 PM","0x8737305011408648c0c2fc6ff831d566fbaac483","0xecea64d1caf164592478e52c4c84a90c9934ab44","547.68201"
"0x0779e7dac019ec978865f6e8674bf5f9abe5406834bc1a3fcf939735feb08f89","4062901","1500823804","7/23/2017 3:30:04 PM","0x8d12a197cb00d4747a1fe03395095ce2a5cc6819","0xf1165f8f54263d44d908d8f70886d167217f60e9","41.239"
"0xf9461ceddd15ea6548a0fa66a68a81fb92ca611e86fde85265df10e1c234a8ed","4062904","1500823883","7/23/2017 3:31:23 PM","0x4d9daa6433c921a63f8e8b29ef59ca68328e9620","0x1affe4ad15be01509f4c0581d5bcd06700d9167d","145.19650655"
"0x82aecf9d33c9333309086627512d9a7b259634d68dfa9f30e643cf067400c13e","4062904","1500823883","7/23/2017 3:31:23 PM","0x2ebb507b1da5b2619515d542a8af27b0747a6bc2","0x91e93e427f6191a25e92e7780d42532ebf5c4ab6","2850.288"
"0x28a305247da9728b067baf886f16d01e09118e35e124aff3faab70f0cd035763","4062908","1500823928","7/23/2017 3:32:08 PM","0xfbb1b73c4f0bda4f67dca266ce6ef42f520fbb98","0x1c2f24d88f3ec8247bebd5ee66c38c33e406f927","112.99"
"0x3d98ddf70f2f5e5f2690dfad23c051e2ab570dfe02f34b8f9e7b4e8cfb9db0d7","4062910","1500823972","7/23/2017 3:32:52 PM","0x91e93e427f6191a25e92e7780d42532ebf5c4ab6","0x1151314c646ce4e0efd76d1af4760ae66a9fe30f","3958.068"
"0xffa230720bfb239313b2417cabbfbf4da6595e6e75fe32cdf92d2618935b6844","4062910","1500823972","7/23/2017 3:32:52 PM","0x505cd7e59a64487bfadd420a9913761edc9abaed","0x8737305011408648c0c2fc6ff831d566fbaac483","1001.992"
"0x213d9b158bb19eef753a8e4cf12f1245b4e7ff12b8e0c330362063cff19a2fa7","4062911","1500823980","7/23/2017 3:33:00 PM","0x8d12a197cb00d4747a1fe03395095ce2a5cc6819","0x669f0ab96fd3beb68bc836bb874894bbb516331a","258.760501808128"
"0xc83516b0d7ad3bd46dc1e8b13d98cfbb8d99db9ae290a186d0d7bc21f82d6d13","4062915","1500824020","7/23/2017 3:33:40 PM","0x669f0ab96fd3beb68bc836bb874894bbb516331a","0xdf6d52dc98a2027eeb10f27aa7e6e03dc819a98b","258.760501808128"
"0x91833d94a77cf601831afb8e5413a0769c2667a60b3e24aa254488c4e30bdae2","4062919","1500824076","7/23/2017 3:34:36 PM","0xecea64d1caf164592478e52c4c84a90c9934ab44","0xfbb1b73c4f0bda4f67dca266ce6ef42f520fbb98","547.68201"
"0xc6f0fcce324480ae0d1e25d6399455f5c17450ae5393db272add2e76aef31339","4062919","1500824076","7/23/2017 3:34:36 PM","0xd98f59bb55ecd61540bd405a93358d5e1ce0dc7c","0xfbb1b73c4f0bda4f67dca266ce6ef42f520fbb98","289.23574581"
"0xd59b17957d0bd15cd7949ac71d44ae7ed88123e98ca303b0df96f123f7d47579","4062919","1500824076","7/23/2017 3:34:36 PM","0xf4edb77f1fb5a414f83c9db925c4ed8da87b0f90","0xfbb1b73c4f0bda4f67dca266ce6ef42f520fbb98","14845.2657022"
"0xc0d22e7404658e9abd3d0020047cc852f90dca3f864a02aae1d344de233b85e0","4062924","1500824144","7/23/2017 3:35:44 PM","0x1affe4ad15be01509f4c0581d5bcd06700d9167d","0x1151314c646ce4e0efd76d1af4760ae66a9fe30f","145.19650655"
"0x6fccf050ef056bc281a5eabed2e2ec731db6a6893cd5d8994bb1edca16eeb177","4062927","1500824164","7/23/2017 3:36:04 PM","0x5e575279bf9f4acf0a130c186861454247394c06","0xb7efc551575bde2c2287ca2002aa6bcd93fb9543","588.70003"
"0x84827942e368636ee49cb0617c7cfe6ff0df9078428ba7268e4affe66986824b","4062931","1500824204","7/23/2017 3:36:44 PM","0x5e575279bf9f4acf0a130c186861454247394c06","0xdf6d52dc98a2027eeb10f27aa7e6e03dc819a98b","529.27654753"
"0xabdd61b81e6cace77757a536b0b9cc5793a1dc8a453276d238efdd7e7ba2dcb0","4062931","1500824204","7/23/2017 3:36:44 PM","0x9cc95c74702d0be48ce7593e3398022cba509c34","0x4889148d530fb8ba4cdc973c54967b5a4b977321","300"
"0x4499ccfa721faed01d01a49b007a690bccdc041fc84f32949118bf0a17d754f5","4062931","1500824204","7/23/2017 3:36:44 PM","0xf5437e158090b2a2d68f82b54a5864b95dd6dbea","0x0102ce2a9cd3af97f7d38b5594ab4cc883b23a27","10789.84301432"
"0x88f5931b7b79ece229159ba851cdc97e1ea861e506f5f2c11a35d57d3243d000","4062932","1500824225","7/23/2017 3:37:05 PM","0x8737305011408648c0c2fc6ff831d566fbaac483","0xecea64d1caf164592478e52c4c84a90c9934ab44","1616.137"
"0x6c8d168b949be246c952d988a2a21a329b4f48c82feacbfaf53a98c34fa9a984","4062932","1500824225","7/23/2017 3:37:05 PM","0x8737305011408648c0c2fc6ff831d566fbaac483","0x42457344ec306816cf03c459f0ec3b1a6311bfeb","9586.7532"
"0xa607490325d49cd5411a2c3047575058d83058a5f756240fa1abce369db8a6f1","4062932","1500824225","7/23/2017 3:37:05 PM","0x2ebb507b1da5b2619515d542a8af27b0747a6bc2","0x91e93e427f6191a25e92e7780d42532ebf5c4ab6","251.99"
"0x3d10785da2de721a3e203654913252a4ce51a833f30b663b30db38a3d851b8f5","4062934","1500824298","7/23/2017 3:38:18 PM","0x1807fa3568cf22f623cada77ec08cb55c8c75701","0xb498b82303d982d1094519d01ed39b72104f5dce","9122"
"0xdd39c5ef9484ec2a721ecf5b66b8cd2042fbdf86882d2a2ae3e1d6a54612b57b","4062934","1500824298","7/23/2017 3:38:18 PM","0x5e575279bf9f4acf0a130c186861454247394c06","0xb75484c5c4456ccc9ace88ca79d98ed38c1e0c38","1627.4724"
"0x36e300251e198a99b9e19c9ba6388aff0afe9d6e115e7d3a7e22903ed495c2c1","4062936","1500824335","7/23/2017 3:38:55 PM","0xe54862299a152e3affd7b00838d20e364568d842","0x24084ad5e0c6bf86bb03017b7e892d17ddd1f728","825"
"0x2718759daebf2bbd5848a717d5b48c78b73c40f2c8d31a60c88e5d391aefee6b","4062936","1500824335","7/23/2017 3:38:55 PM","0x5e575279bf9f4acf0a130c186861454247394c06","0x79af88de32fc511b9d1cb055ae51ef1aa93c2e13","311.25133478"
"0x076248d67d545a3e1c86059308b0e782604bfa7c1354459cf510e0e5f8b3335c","4062936","1500824335","7/23/2017 3:38:55 PM","0x5e575279bf9f4acf0a130c186861454247394c06","0xf4edb77f1fb5a414f83c9db925c4ed8da87b0f90","5146.16631492"
"0x441cbd93ae7518cdf5ef6fce0623e55e360bc1e660df16acf1e9a88b95748ec7","4062940","1500824409","7/23/2017 3:40:09 PM","0x91e93e427f6191a25e92e7780d42532ebf5c4ab6","0x1151314c646ce4e0efd76d1af4760ae66a9fe30f","251.99"
"0x6164839145da23a0f04150e205f6cfb7bf42e2909e94572a7f9af8ade336fef4","4062942","1500824427","7/23/2017 3:40:27 PM","0x5e575279bf9f4acf0a130c186861454247394c06","0x1884315f795dd1ba542197eab583d690f039c74c","537.54915408"
"0x06f234a731c3b5047362533a37da45dd7c7c638f2bab55504d740567898cb436","4062947","1500824505","7/23/2017 3:41:45 PM","0x0102ce2a9cd3af97f7d38b5594ab4cc883b23a27","0x1151314c646ce4e0efd76d1af4760ae66a9fe30f","10789.84301432"
"0x19532bd73040d9eea4dbb4aa61d3eda6c35ad8e81a9d10bd57e5b10a0467dd4a","4062948","1500824509","7/23/2017 3:41:49 PM","0x8d12a197cb00d4747a1fe03395095ce2a5cc6819","0x6375e1bcfbeb8755687a80ece17e18f0247730f4","2707.57946217309"
"0x46a44ac1fd6f9e3f2f9ea404a37438302ab42aee2d4b1868a99d8da5cf7c6f04","4062949","1500824550","7/23/2017 3:42:30 PM","0x587ee63ac2e0f69519cda592d8884f9444bf530f","0xe7a8abc7606cb6fd4af8193566a67491272db601","999.5"
"0x28b65eea72cc2704edb046c9ad86a859a3780da05c1baa47f112c3427553f2df","4062949","1500824550","7/23/2017 3:42:30 PM","0x5e575279bf9f4acf0a130c186861454247394c06","0xb7efc551575bde2c2287ca2002aa6bcd93fb9543","514.66179016"
"0xe982cee18ce47a53c290712f645c5f1213a88c444711937f6cebddba8f6d9544","4062951","1500824582","7/23/2017 3:43:02 PM","0x8737305011408648c0c2fc6ff831d566fbaac483","0x7f590778907844fe0b6778ed3af581f793d3b7dc","3329.26216"
"0xda5e5b851d882b426c3d71e0a6154488b800c6fe8ae05d5259f996f4361544d7","4062954","1500824588","7/23/2017 3:43:08 PM","0x24084ad5e0c6bf86bb03017b7e892d17ddd1f728","0x1151314c646ce4e0efd76d1af4760ae66a9fe30f","825"
"0x593a8101e9703d511ec022f82a9e519d9874fb011e6d51d272c3ee266a5e2e68","4062958","1500824699","7/23/2017 3:44:59 PM","0xb75484c5c4456ccc9ace88ca79d98ed38c1e0c38","0xfbb1b73c4f0bda4f67dca266ce6ef42f520fbb98","1627.4724"
"0x5ad40c44c9a9e03efdbaa9117105051095bde778dfffdcf15ed18cc24994b7da","4062958","1500824699","7/23/2017 3:44:59 PM","0xecea64d1caf164592478e52c4c84a90c9934ab44","0xfbb1b73c4f0bda4f67dca266ce6ef42f520fbb98","1616.137"
"0xdf43d86e3e637bd0f0a910ba24c6767de927df9058315af7ee90685f4378ba36","4062958","1500824699","7/23/2017 3:44:59 PM","0xf4edb77f1fb5a414f83c9db925c4ed8da87b0f90","0xfbb1b73c4f0bda4f67dca266ce6ef42f520fbb98","5146.16631492"
"0xafb11b488f1ee3b93a208bd2e8b7b7dd4e6a3764eb758dbd79597dea53db66b1","4062958","1500824699","7/23/2017 3:44:59 PM","0xdf6d52dc98a2027eeb10f27aa7e6e03dc819a98b","0xfbb1b73c4f0bda4f67dca266ce6ef42f520fbb98","788.03704934"
"0x4cae5c965384282d4b4ff091f5102e115f6c98e0dc7e5a4fada4c4c9b7456ff4","4062960","1500824727","7/23/2017 3:45:27 PM","0x1151314c646ce4e0efd76d1af4760ae66a9fe30f","0x1688a0e8b174cbfe137583805e34f181a7a4416e","249"
"0xbf4ae94621d9c876c56b07138de11e0d2b1a4e7e0d73b319d13dbf3aae783a7d","4062960","1500824727","7/23/2017 3:45:27 PM","0x2ebb507b1da5b2619515d542a8af27b0747a6bc2","0x457485b5e312bdd809e94218915694dc6f092c95","437.19"
"0xf2898b613b1795f478e1a63abcc32ba4e8982669ae42955f24ed4120b9a5d950","4062960","1500824727","7/23/2017 3:45:27 PM","0x6375e1bcfbeb8755687a80ece17e18f0247730f4","0xb7efc551575bde2c2287ca2002aa6bcd93fb9543","2707.6794"
"0x931e272439ac3e62b8129bf2d4431a24d2e41f2e2c436d5924806ce80c989199","4062961","1500824771","7/23/2017 3:46:11 PM","0x1151314c646ce4e0efd76d1af4760ae66a9fe30f","0x782060bc47743fa62bcd4dfd65a0be2f9b068be8","150"
"0xa6ccc319f5fa4e26cda6e02302eeb58a09a7c3ed7908b582e1d23d29c0b09dad","4062961","1500824771","7/23/2017 3:46:11 PM","0xf1165f8f54263d44d908d8f70886d167217f60e9","0x41ece6f7538a7e909e1609d7f1f94061232c5da1","41.239"
"0xfc0c5529a31d1e416a071cb33d6e3824663e144f4be1d5f54381f5a8ab3aa5ed","4062961","1500824771","7/23/2017 3:46:11 PM","0x8d12a197cb00d4747a1fe03395095ce2a5cc6819","0x1943d4b6ef3e8b4cbf217a515483129832526f1c","101.937153386131"
